60	3	0
60	7	0
60	11	0
60	15	0
60	19	0
60	23	0
60	27	0
60	31	0
60	35	0
60	39	0
60	43	0
60	47	0
60	51	0
60	55	0
60	59	0
60	63	0
60	67	0
60	71	0
60	75	0
60	79	0
60	83	0
60	87	0
60	91	0
60	95	0
60	99	0
60	103	0
60	107	0
60	111	0
60	115	0
60	119	0
60	123	0
60	127	0
60	131	0
60	135	0
60	139	0
60	143	0
60	147	0
60	151	0
60	155	0
60	159	0
60	163	0
60	167	0
60	171	0
60	175	0
60	179	0
60	183	0
60	187	0
60	191	0
60	195	0
60	199	0
60	203	0
60	207	0
60	211	0
60	215	0
60	219	0
60	223	0
60	227	0
60	231	0
60	235	0
60	239	0
60	243	0
60	247	0
60	251	0
60	255	0
60	259	0
60	263	0
60	267	0
60	271	0
60	275	0
60	279	0
60	283	0
60	287	0
60	291	0
60	295	0
60	299	0
60	303	0
60	307	0
60	311	0
60	315	0
60	319	0
60	323	0
60	327	0
60	331	0
60	335	0
60	339	0
60	343	0
60	2	0
60	6	0
60	10	0
60	14	0
60	18	0
60	22	0
60	26	0
60	30	0
60	34	0
60	38	0
60	42	0
60	46	0
60	50	0
60	54	0
60	58	0
60	62	0
60	66	0
60	70	0
60	74	0
60	78	0
60	82	0
60	86	0
60	90	0
60	94	0
60	98	0
60	102	0
60	106	0
60	110	0
60	114	0
60	118	0
60	122	0
60	126	0
60	130	0
60	134	0
60	138	0
60	142	0
60	146	0
60	150	0
60	154	0
60	158	0
60	162	0
60	166	0
60	170	0
60	174	0
60	178	0
60	182	0
60	186	0
60	190	0
60	194	0
60	198	0
60	202	0
60	206	0
60	210	0
60	214	0
60	218	0
60	222	0
60	226	0
60	230	0
60	234	0
60	238	0
60	242	0
60	246	0
60	250	0
60	254	0
60	258	0
60	262	0
60	266	0
60	270	0
60	274	0
60	278	0
60	282	0
60	286	0
60	290	0
60	294	0
60	298	0
60	302	0
60	306	0
60	310	0
60	314	0
60	318	0
60	322	0
60	326	0
60	330	0
60	334	0
60	338	0
60	342	0
60	346	0
2	3	0
2	7	0
2	11	0
2	15	0
2	19	0
2	23	0
2	27	0
2	31	0
2	35	0
2	39	0
2	43	0
2	47	0
2	51	0
2	55	0
2	59	0
2	63	0
2	67	0
2	71	0
2	75	0
2	79	0
2	83	0
2	87	0
2	91	0
2	95	0
2	99	0
2	103	0
2	107	0
2	111	0
2	115	0
2	119	0
2	123	0
2	127	0
2	131	0
2	135	0
2	139	0
2	143	0
2	147	0
2	151	0
2	155	0
2	159	0
2	163	0
2	167	0
2	171	0
2	175	0
2	179	0
2	183	0
2	187	0
2	191	0
2	195	0
2	199	0
2	203	0
2	207	0
2	211	0
2	215	0
2	219	0
2	223	0
2	227	0
2	231	0
2	235	0
2	239	0
2	243	0
2	247	0
2	251	0
2	255	0
2	259	0
2	263	0
2	267	0
2	271	0
2	275	0
2	279	0
2	283	0
2	287	0
2	291	0
2	295	0
2	299	0
2	303	0
2	307	0
2	311	0
2	315	0
2	319	0
2	323	0
2	327	0
60	1	0
60	5	0
60	9	0
60	13	0
60	17	0
60	21	0
60	25	0
60	29	0
60	33	0
60	37	0
60	41	0
60	45	0
60	49	0
60	53	0
60	57	0
60	61	0
60	65	0
60	69	0
60	73	0
60	77	0
60	81	0
60	85	0
60	89	0
60	93	0
60	97	0
60	101	0
60	105	0
60	109	0
60	113	0
60	117	0
60	121	0
60	125	0
60	129	0
60	133	0
60	137	0
60	141	0
60	145	0
60	149	0
60	153	0
60	157	0
60	161	0
60	165	0
60	169	0
60	173	0
60	177	0
60	181	0
60	185	0
60	189	0
60	193	0
60	197	0
60	201	0
60	205	0
60	209	0
60	213	0
60	217	0
60	221	0
60	225	0
60	229	0
60	233	0
60	237	0
60	241	0
60	245	0
60	249	0
60	253	0
60	257	0
60	261	0
60	265	0
60	269	0
60	273	0
60	277	0
60	281	0
60	285	0
60	289	0
60	293	0
60	297	0
60	301	0
60	305	0
60	309	0
60	313	0
60	317	0
60	321	0
60	325	0
60	329	0
60	333	0
60	337	0
60	341	0
60	345	0
60	4	0
60	8	0
60	12	0
60	16	0
60	20	0
60	24	0
60	28	0
60	32	0
60	36	0
60	40	0
60	44	0
60	48	0
60	52	0
60	56	0
60	60	0
60	64	0
60	68	0
60	72	0
60	76	0
60	80	0
60	84	0
60	88	0
60	92	0
60	96	0
60	100	0
60	104	0
60	108	0
60	112	0
60	116	0
60	120	0
60	124	0
60	128	0
60	132	0
60	136	0
60	140	0
60	144	0
60	148	0
60	152	0
60	156	0
60	160	0
60	164	0
60	168	0
60	172	0
60	176	0
60	180	0
60	184	0
60	188	0
60	192	0
60	196	0
60	200	0
60	204	0
60	208	0
60	212	0
60	216	0
60	220	0
60	224	0
60	228	0
60	232	0
60	236	0
60	240	0
60	244	0
60	248	0
60	252	0
60	256	0
60	260	0
60	264	0
60	268	0
60	272	0
60	276	0
60	280	0
60	284	0
60	288	0
60	292	0
60	296	0
60	300	0
60	304	0
60	308	0
60	312	0
60	316	0
60	320	0
60	324	0
60	328	0
60	332	0
60	336	0
60	340	0
60	344	0
2	1	0
2	5	0
2	9	0
2	13	0
2	17	0
2	21	0
2	25	0
2	29	0
2	33	0
2	37	0
2	41	0
2	45	0
2	49	0
2	53	0
2	57	0
2	61	0
2	65	0
2	69	0
2	73	0
2	77	0
2	81	0
2	85	0
2	89	0
2	93	0
2	97	0
2	101	0
2	105	0
2	109	0
2	113	0
2	117	0
2	121	0
2	125	0
2	129	0
2	133	0
2	137	0
2	141	0
2	145	0
2	149	0
2	153	0
2	157	0
2	161	0
2	165	0
2	169	0
2	173	0
2	177	0
2	181	0
2	185	0
2	189	0
2	193	0
2	197	0
2	201	0
2	205	0
2	209	0
2	213	0
2	217	0
2	221	0
2	225	0
2	229	0
2	233	0
2	237	0
2	241	0
2	245	0
2	249	0
2	253	0
2	257	0
2	261	0
2	265	0
2	269	0
2	273	0
2	277	0
2	281	0
2	285	0
2	289	0
2	293	0
2	297	0
2	301	0
2	305	0
2	309	0
2	313	0
2	317	0
2	321	0
2	325	0
2	329	0
2	331	0
2	333	0
2	335	0
2	337	0
2	339	0
2	341	0
2	343	0
2	345	0
2	2	0
2	4	0
2	6	0
2	8	0
2	10	0
2	12	0
2	14	0
2	16	0
2	18	0
2	20	0
2	22	0
2	24	0
2	26	0
2	28	0
2	30	0
2	32	0
2	34	0
2	36	0
2	38	0
2	40	0
2	42	0
2	44	0
2	46	0
2	48	0
2	50	0
2	52	0
2	54	0
2	56	0
2	58	0
2	60	0
2	62	0
2	64	0
2	66	0
2	68	0
2	70	0
2	72	0
2	74	0
2	76	0
2	78	0
2	80	0
2	82	0
2	84	0
2	86	0
2	88	0
2	90	0
2	92	0
2	94	0
2	96	0
2	98	0
2	100	0
2	102	0
2	104	0
2	106	0
2	108	0
2	110	0
2	112	0
2	114	0
2	116	0
2	118	0
2	120	0
2	122	0
2	124	0
2	126	0
2	128	0
2	130	0
2	132	0
2	134	0
2	136	0
2	138	0
2	140	0
2	142	0
2	144	0
2	146	0
2	148	0
2	150	0
2	152	0
2	154	0
2	156	0
2	158	0
2	160	0
2	162	0
2	164	0
2	166	0
2	168	0
2	170	0
2	172	0
2	174	0
2	176	0
2	178	0
2	180	0
2	182	0
2	184	0
2	186	0
2	188	0
2	190	0
2	192	0
2	194	0
2	196	0
2	198	0
2	200	0
2	202	0
2	204	0
2	206	0
2	208	0
2	210	0
2	212	0
2	214	0
2	216	0
2	218	0
2	220	0
2	222	0
2	224	0
2	226	0
2	228	0
2	230	0
2	232	0
2	234	0
2	236	0
2	238	0
2	240	0
2	242	0
2	244	0
2	246	0
2	248	0
2	250	0
2	252	0
2	254	0
2	256	0
2	258	0
2	260	0
2	262	0
2	264	0
2	266	0
2	268	0
2	270	0
2	272	0
2	274	0
2	276	0
2	278	0
2	280	0
2	282	0
2	284	0
2	286	0
2	288	0
2	290	0
2	292	0
2	294	0
2	296	0
2	298	0
2	300	0
2	302	0
2	304	0
2	306	0
2	308	0
2	310	0
2	312	0
2	314	0
2	316	0
2	318	0
2	320	0
2	322	0
2	324	0
2	326	0
2	328	0
2	330	0
2	332	0
2	334	0
2	336	0
2	338	0
2	340	0
2	342	0
2	344	0
2	346	0
3	1	0
3	3	0
3	5	0
3	7	0
3	9	0
3	11	0
3	13	0
3	15	0
3	17	0
3	19	0
3	21	0
3	23	0
3	25	0
3	27	0
3	29	0
3	31	0
3	33	0
3	35	0
3	37	0
3	39	0
3	41	0
3	43	0
3	45	0
3	47	0
3	49	0
3	51	0
3	53	0
3	55	0
3	57	0
3	59	0
3	61	0
3	63	0
3	65	0
3	67	0
3	69	0
3	71	0
3	73	0
3	75	0
3	77	0
3	79	0
3	81	0
3	83	0
3	85	0
3	87	0
3	89	0
3	91	0
3	93	0
3	95	0
3	97	0
3	99	0
3	101	0
3	103	0
3	105	0
3	107	0
3	109	0
3	111	0
3	113	0
3	115	0
3	117	0
3	119	0
3	121	0
3	123	0
3	125	0
3	127	0
3	129	0
3	131	0
3	133	0
3	135	0
3	137	0
3	139	0
3	141	0
3	143	0
3	145	0
3	147	0
3	149	0
3	151	0
3	153	0
3	155	0
3	157	0
3	159	0
3	161	0
3	163	0
3	165	0
3	167	0
3	169	0
3	171	0
3	173	0
3	175	0
3	177	0
3	179	0
3	181	0
3	183	0
3	185	0
3	187	0
3	189	0
3	191	0
3	193	0
3	195	0
3	197	0
3	199	0
3	201	0
3	203	0
3	205	0
3	207	0
3	209	0
3	211	0
3	213	0
3	215	0
3	217	0
3	219	0
3	221	0
3	223	0
3	225	0
3	227	0
3	229	0
3	231	0
3	233	0
3	235	0
3	237	0
3	239	0
3	241	0
3	243	0
3	245	0
3	247	0
3	249	0
3	251	0
3	253	0
3	255	0
3	257	0
3	259	0
3	261	0
3	263	0
3	265	0
3	267	0
3	269	0
3	271	0
3	273	0
3	275	0
3	277	0
3	279	0
3	281	0
3	283	0
3	285	0
3	287	0
3	289	0
3	291	0
3	293	0
3	295	0
3	297	0
3	299	0
3	301	0
3	303	0
3	305	0
3	307	0
3	309	0
3	311	0
3	313	0
3	315	0
3	317	0
3	319	0
3	321	0
3	323	0
3	325	0
3	327	0
3	329	0
3	331	0
3	333	0
3	335	0
3	337	0
3	339	0
3	341	0
3	343	0
3	345	0
3	2	0
3	4	0
3	6	0
3	8	0
3	10	0
3	12	0
3	14	0
3	16	0
3	18	0
3	20	0
3	22	0
3	24	0
3	26	0
3	28	0
3	30	0
3	32	0
3	34	0
3	36	0
3	38	0
3	40	0
3	42	0
3	44	0
3	46	0
3	48	0
3	50	0
3	52	0
3	54	0
3	56	0
3	58	0
3	60	0
3	62	0
3	64	0
3	66	0
3	68	0
3	70	0
3	72	0
3	74	0
3	76	0
3	78	0
3	80	0
3	82	0
3	84	0
3	86	0
3	88	0
3	90	0
3	92	0
3	94	0
3	96	0
3	98	0
3	100	0
3	102	0
3	104	0
3	106	0
3	108	0
3	110	0
3	112	0
3	114	0
3	116	0
3	118	0
3	120	0
3	122	0
3	124	0
3	126	0
3	128	0
3	130	0
3	132	0
3	134	0
3	136	0
3	138	0
3	140	0
3	142	0
3	144	0
3	146	0
3	148	0
3	150	0
3	152	0
3	154	0
3	156	0
3	158	0
3	160	0
3	162	0
3	164	0
3	166	0
3	168	0
3	170	0
3	172	0
3	174	0
3	176	0
3	178	0
3	180	0
3	182	0
3	184	0
3	186	0
3	188	0
3	190	0
3	192	0
3	194	0
3	196	0
3	198	0
3	200	0
3	202	0
3	204	0
3	206	0
3	208	0
3	210	0
3	212	0
3	214	0
3	216	0
3	218	0
3	220	0
3	222	0
3	224	0
3	226	0
3	228	0
3	230	0
3	232	0
3	234	0
3	236	0
3	238	0
3	240	0
3	242	0
3	244	0
3	246	0
3	248	0
3	250	0
3	252	0
3	254	0
3	256	0
3	258	0
3	260	0
3	262	0
3	264	0
3	266	0
3	268	0
3	270	0
3	272	0
3	274	0
3	276	0
3	278	0
3	280	0
3	282	0
3	284	0
3	286	0
3	288	0
3	290	0
3	292	0
3	294	0
3	296	0
3	298	0
3	300	0
3	302	0
3	304	0
3	306	0
3	308	0
3	310	0
3	312	0
3	314	0
3	316	0
3	318	0
3	320	0
3	322	0
3	324	0
3	326	0
3	328	0
3	330	0
3	332	0
3	334	0
3	336	0
3	338	0
3	340	0
3	342	0
3	344	0
3	346	0
4	1	0
4	3	0
4	5	0
4	7	0
4	9	0
4	11	0
4	13	0
4	15	0
4	17	0
4	19	0
4	21	0
4	23	0
4	25	0
4	27	0
4	29	0
4	31	0
4	33	0
4	35	0
4	37	0
4	39	0
4	41	0
4	43	0
4	45	0
4	47	0
4	49	0
4	51	0
4	53	0
4	55	0
4	57	0
4	59	0
4	61	0
4	63	0
4	65	0
4	67	0
4	69	0
4	71	0
4	73	0
4	75	0
4	77	0
4	79	0
4	81	0
4	83	0
4	85	0
4	87	0
4	89	0
4	91	0
4	93	0
4	95	0
4	97	0
4	99	0
4	101	0
4	103	0
4	105	0
4	107	0
4	109	0
4	111	0
4	113	0
4	115	0
4	117	0
4	119	0
4	121	0
4	123	0
4	125	0
4	127	0
4	129	0
4	131	0
4	133	0
4	135	0
4	137	0
4	139	0
4	141	0
4	143	0
4	145	0
4	147	0
4	149	0
4	151	0
4	153	0
4	155	0
4	157	0
4	159	0
4	161	0
4	163	0
4	165	0
4	167	0
4	169	0
4	171	0
4	173	0
4	175	0
4	177	0
4	179	0
4	181	0
4	183	0
4	185	0
4	187	0
4	189	0
4	191	0
4	193	0
4	195	0
4	197	0
4	199	0
4	201	0
4	203	0
4	205	0
4	207	0
4	209	0
4	211	0
4	213	0
4	215	0
4	217	0
4	219	0
4	221	0
4	223	0
4	225	0
4	227	0
4	229	0
4	231	0
4	233	0
4	235	0
4	237	0
4	239	0
4	241	0
4	243	0
4	245	0
4	247	0
4	249	0
4	251	0
4	253	0
4	255	0
4	257	0
4	259	0
4	261	0
4	263	0
4	265	0
4	267	0
4	269	0
4	271	0
4	273	0
4	275	0
4	277	0
4	279	0
4	281	0
4	283	0
4	285	0
4	287	0
4	289	0
4	291	0
4	293	0
4	295	0
4	297	0
4	299	0
4	301	0
4	303	0
4	305	0
4	307	0
4	309	0
4	311	0
4	313	0
4	315	0
4	317	0
4	319	0
4	321	0
4	323	0
4	325	0
4	327	0
4	329	0
4	331	0
4	333	0
4	335	0
4	337	0
4	339	0
4	341	0
4	343	0
4	345	0
4	2	0
4	4	0
4	6	0
4	8	0
4	10	0
4	12	0
4	14	0
4	16	0
4	18	0
4	20	0
4	22	0
4	24	0
4	26	0
4	28	0
4	30	0
4	32	0
4	34	0
4	36	0
4	38	0
4	40	0
4	42	0
4	44	0
4	46	0
4	48	0
4	50	0
4	52	0
4	54	0
4	56	0
4	58	0
4	60	0
4	62	0
4	64	0
4	66	0
4	68	0
4	70	0
4	72	0
4	74	0
4	76	0
4	78	0
4	80	0
4	82	0
4	84	0
4	86	0
4	88	0
4	90	0
4	92	0
4	94	0
4	96	0
4	98	0
4	100	0
4	102	0
4	104	0
4	106	0
4	108	0
4	110	0
4	112	0
4	114	0
4	116	0
4	118	0
4	120	0
4	122	0
4	124	0
4	126	0
4	128	0
4	130	0
4	132	0
4	134	0
4	136	0
4	138	0
4	140	0
4	142	0
4	144	0
4	146	0
4	148	0
4	150	0
4	152	0
4	154	0
4	156	0
4	158	0
4	160	0
4	162	0
4	164	0
4	166	0
4	168	0
4	170	0
4	172	0
4	174	0
4	176	0
4	178	0
4	180	0
4	182	0
4	184	0
4	186	0
4	188	0
4	190	0
4	192	0
4	194	0
4	196	0
4	198	0
4	200	0
4	202	0
4	204	0
4	206	0
4	208	0
4	210	0
4	212	0
4	214	0
4	216	0
4	218	0
4	220	0
4	222	0
4	224	0
4	226	0
4	228	0
4	230	0
4	232	0
4	234	0
4	236	0
4	238	0
4	240	0
4	242	0
4	244	0
4	246	0
4	248	0
4	250	0
4	252	0
4	254	0
4	256	0
4	258	0
4	260	0
4	262	0
4	264	0
4	266	0
4	268	0
4	270	0
4	272	0
4	274	0
4	276	0
4	278	0
4	280	0
4	282	0
4	284	0
4	286	0
4	288	0
4	290	0
4	292	0
4	294	0
4	296	0
4	298	0
4	300	0
4	302	0
4	304	0
4	306	0
4	308	0
4	310	0
4	312	0
4	314	0
4	316	0
4	318	0
4	320	0
4	322	0
4	324	0
4	326	0
4	328	0
4	330	0
4	332	0
4	334	0
4	336	0
4	338	0
4	340	0
4	342	0
4	344	0
4	346	0
5	1	0
5	3	0
5	5	0
5	7	0
5	9	0
5	11	0
5	13	0
5	15	0
5	17	0
5	19	0
5	21	0
5	23	0
5	25	0
5	27	0
5	29	0
5	31	0
5	33	0
5	35	0
5	37	0
5	39	0
5	41	0
5	43	0
5	45	0
5	47	0
5	49	0
5	51	0
5	53	0
5	55	0
5	57	0
5	59	0
5	61	0
5	63	0
5	65	0
5	67	0
5	69	0
5	71	0
5	73	0
5	75	0
5	77	0
5	79	0
5	81	0
5	83	0
5	85	0
5	87	0
5	89	0
5	91	0
5	93	0
5	95	0
5	97	0
5	99	0
5	101	0
5	103	0
5	105	0
5	107	0
5	109	0
5	111	0
5	113	0
5	115	0
5	117	0
5	119	0
5	121	0
5	123	0
5	125	0
5	127	0
5	129	0
5	131	0
5	133	0
5	135	0
5	137	0
5	139	0
5	141	0
5	143	0
5	145	0
5	147	0
5	149	0
5	151	0
5	153	0
5	155	0
5	157	0
5	159	0
5	161	0
5	163	0
5	165	0
5	167	0
5	169	0
5	171	0
5	173	0
5	175	0
5	177	0
5	179	0
5	181	0
5	183	0
5	185	0
5	187	0
5	189	0
5	191	0
5	193	0
5	195	0
5	197	0
5	199	0
5	201	0
5	203	0
5	205	0
5	207	0
5	209	0
5	211	0
5	213	0
5	215	0
5	217	0
5	219	0
5	221	0
5	223	0
5	225	0
5	227	0
5	229	0
5	231	0
5	233	0
5	235	0
5	237	0
5	239	0
5	241	0
5	243	0
5	245	0
5	247	0
5	249	0
5	251	0
5	253	0
5	255	0
5	257	0
5	259	0
5	261	0
5	263	0
5	265	0
5	267	0
5	269	0
5	271	0
5	273	0
5	275	0
5	277	0
5	279	0
5	281	0
5	283	0
5	285	0
5	287	0
5	289	0
5	291	0
5	293	0
5	295	0
5	297	0
5	299	0
5	301	0
5	303	0
5	305	0
5	307	0
5	309	0
5	311	0
5	313	0
5	315	0
5	317	0
5	319	0
5	321	0
5	323	0
5	325	0
5	327	0
5	329	0
5	331	0
5	333	0
5	335	0
5	337	0
5	339	0
5	341	0
5	343	0
5	345	0
5	2	0
5	4	0
5	6	0
5	8	0
5	10	0
5	12	0
5	14	0
5	16	0
5	18	0
5	20	0
5	22	0
5	24	0
5	26	0
5	28	0
5	30	0
5	32	0
5	34	0
5	36	0
5	38	0
5	40	0
5	42	0
5	44	0
5	46	0
5	48	0
5	50	0
5	52	0
5	54	0
5	56	0
5	58	0
5	60	0
5	62	0
5	64	0
5	66	0
5	68	0
5	70	0
5	72	0
5	74	0
5	76	0
5	78	0
5	80	0
5	82	0
5	84	0
5	86	0
5	88	0
5	90	0
5	92	0
5	94	0
5	96	0
5	98	0
5	100	0
5	102	0
5	104	0
5	106	0
5	108	0
5	110	0
5	112	0
5	114	0
5	116	0
5	118	0
5	120	0
5	122	0
5	124	0
5	126	0
5	128	0
5	130	0
5	132	0
5	134	0
5	136	0
5	138	0
5	140	0
5	142	0
5	144	0
5	146	0
5	148	0
5	150	0
5	152	0
5	154	0
5	156	0
5	158	0
5	160	0
5	162	0
5	164	0
5	166	0
5	168	0
5	170	0
5	172	0
5	174	0
5	176	0
5	178	0
5	180	0
5	182	0
5	184	0
5	186	0
5	188	0
5	190	0
5	192	0
5	194	0
5	196	0
5	198	0
5	200	0
5	202	0
5	204	0
5	206	0
5	208	0
5	210	0
5	212	0
5	214	0
5	216	0
5	218	0
5	220	0
5	222	0
5	224	0
5	226	0
5	228	0
5	230	0
5	232	0
5	234	0
5	236	0
5	238	0
5	240	0
5	242	0
5	244	0
5	246	0
5	248	0
5	250	0
5	252	0
5	254	0
5	256	0
5	258	0
5	260	0
5	262	0
5	264	0
5	266	0
5	268	0
5	270	0
5	272	0
5	274	0
5	276	0
5	278	0
5	280	0
5	282	0
5	284	0
5	286	0
5	288	0
5	290	0
5	292	0
5	294	0
5	296	0
5	298	0
5	300	0
5	302	0
5	304	0
5	306	0
5	308	0
5	310	0
5	312	0
5	314	0
5	316	0
5	318	0
5	320	0
5	322	0
5	324	0
5	326	0
5	328	0
5	330	0
5	332	0
5	334	0
5	336	0
5	338	0
5	340	0
5	342	0
5	344	0
5	346	0
6	1	0
6	3	0
6	5	0
6	7	0
6	9	0
6	11	0
6	13	0
6	15	0
6	17	0
6	19	0
6	21	0
6	23	0
6	25	0
6	27	0
6	29	0
6	31	0
6	33	0
6	35	0
6	37	0
6	39	0
6	41	0
6	43	0
6	45	0
6	47	0
6	49	0
6	51	0
6	53	0
6	55	0
6	57	0
6	59	0
6	61	0
6	63	0
6	65	0
6	67	0
6	69	0
6	71	0
6	73	0
6	75	0
6	77	0
6	79	0
6	81	0
6	83	0
6	85	0
6	87	0
6	89	0
6	91	0
6	93	0
6	95	0
6	97	0
6	99	0
6	101	0
6	103	0
6	105	0
6	107	0
6	109	0
6	111	0
6	113	0
6	115	0
6	117	0
6	119	0
6	121	0
6	123	0
6	125	0
6	127	0
6	129	0
6	131	0
6	133	0
6	135	0
6	137	0
6	139	0
6	141	0
6	143	0
6	145	0
6	147	0
6	149	0
6	151	0
6	153	0
6	155	0
6	157	0
6	159	0
6	161	0
6	163	0
6	165	0
6	167	0
6	169	0
6	171	0
6	173	0
6	175	0
6	177	0
6	179	0
6	181	0
6	183	0
6	185	0
6	187	0
6	189	0
6	191	0
6	193	0
6	195	0
6	197	0
6	199	0
6	201	0
6	203	0
6	205	0
6	207	0
6	209	0
6	211	0
6	213	0
6	215	0
6	217	0
6	219	0
6	221	0
6	223	0
6	225	0
6	227	0
6	229	0
6	231	0
6	233	0
6	235	0
6	237	0
6	239	0
6	241	0
6	243	0
6	245	0
6	247	0
6	249	0
6	251	0
6	253	0
6	255	0
6	257	0
6	259	0
6	261	0
6	263	0
6	265	0
6	267	0
6	269	0
6	271	0
6	273	0
6	275	0
6	277	0
6	279	0
6	281	0
6	283	0
6	285	0
6	287	0
6	289	0
6	291	0
6	293	0
6	295	0
6	297	0
6	299	0
6	301	0
6	303	0
6	305	0
6	307	0
6	309	0
6	311	0
6	313	0
6	315	0
6	317	0
6	319	0
6	321	0
6	323	0
6	325	0
6	327	0
6	329	0
6	331	0
6	333	0
6	335	0
6	337	0
6	339	0
6	341	0
6	343	0
6	345	0
6	2	0
6	4	0
6	6	0
6	8	0
6	10	0
6	12	0
6	14	0
6	16	0
6	18	0
6	20	0
6	22	0
6	24	0
6	26	0
6	28	0
6	30	0
6	32	0
6	34	0
6	36	0
6	38	0
6	40	0
6	42	0
6	44	0
6	46	0
6	48	0
6	50	0
6	52	0
6	54	0
6	56	0
6	58	0
6	60	0
6	62	0
6	64	0
6	66	0
6	68	0
6	70	0
6	72	0
6	74	0
6	76	0
6	78	0
6	80	0
6	82	0
6	84	0
6	86	0
6	88	0
6	90	0
6	92	0
6	94	0
6	96	0
6	98	0
6	100	0
6	102	0
6	104	0
6	106	0
6	108	0
6	110	0
6	112	0
6	114	0
6	116	0
6	118	0
6	120	0
6	122	0
6	124	0
6	126	0
6	128	0
6	130	0
6	132	0
6	134	0
6	136	0
6	138	0
6	140	0
6	142	0
6	144	0
6	146	0
6	148	0
6	150	0
6	152	0
6	154	0
6	156	0
6	158	0
6	160	0
6	162	0
6	164	0
6	166	0
6	168	0
6	170	0
6	172	0
6	174	0
6	176	0
6	178	0
6	180	0
6	182	0
6	184	0
6	186	0
6	188	0
6	190	0
6	192	0
6	194	0
6	196	0
6	198	0
6	200	0
6	202	0
6	204	0
6	206	0
6	208	0
6	210	0
6	212	0
6	214	0
6	216	0
6	218	0
6	220	0
6	222	0
6	224	0
6	226	0
6	228	0
6	230	0
6	232	0
6	234	0
6	236	0
6	238	0
6	240	0
6	242	0
6	244	0
6	246	0
6	248	0
6	250	0
6	252	0
6	254	0
6	256	0
6	258	0
6	260	0
6	262	0
6	264	0
6	266	0
6	268	0
6	270	0
6	272	0
6	274	0
6	276	0
6	278	0
6	280	0
6	282	0
6	284	0
6	286	0
6	288	0
6	290	0
6	292	0
6	294	0
6	296	0
6	298	0
6	300	0
6	302	0
6	304	0
6	306	0
6	308	0
6	310	0
6	312	0
6	314	0
6	316	0
6	318	0
6	320	0
6	322	0
6	324	0
6	326	0
6	328	0
6	330	0
6	332	0
6	334	0
6	336	0
6	338	0
6	340	0
6	342	0
6	344	0
6	346	0
7	1	0
7	3	0
7	5	0
7	7	0
7	9	0
7	11	0
7	13	0
7	15	0
7	17	0
7	19	0
7	21	0
7	23	0
7	25	0
7	27	0
7	29	0
7	31	0
7	33	0
7	35	0
7	37	0
7	39	0
7	41	0
7	43	0
7	45	0
7	47	0
7	49	0
7	51	0
7	53	0
7	55	0
7	57	0
7	59	0
7	61	0
7	63	0
7	65	0
7	67	0
7	69	0
7	71	0
7	73	0
7	75	0
7	77	0
7	79	0
7	81	0
7	83	0
7	85	0
7	87	0
7	89	0
7	91	0
7	93	0
7	95	0
7	97	0
7	99	0
7	101	0
7	103	0
7	105	0
7	107	0
7	109	0
7	111	0
7	113	0
7	115	0
7	117	0
7	119	0
7	121	0
7	123	0
7	125	0
7	127	0
7	129	0
7	131	0
7	133	0
7	135	0
7	137	0
7	139	0
7	141	0
7	143	0
7	145	0
7	147	0
7	149	0
7	151	0
7	153	0
7	155	0
7	157	0
7	159	0
7	161	0
7	163	0
7	165	0
7	167	0
7	169	0
7	171	0
7	173	0
7	175	0
7	177	0
7	179	0
7	181	0
7	183	0
7	185	0
7	187	0
7	189	0
7	191	0
7	193	0
7	195	0
7	197	0
7	199	0
7	201	0
7	203	0
7	205	0
7	207	0
7	209	0
7	211	0
7	213	0
7	215	0
7	217	0
7	219	0
7	221	0
7	223	0
7	225	0
7	227	0
7	229	0
7	231	0
7	233	0
7	235	0
7	237	0
7	239	0
7	241	0
7	243	0
7	245	0
7	247	0
7	249	0
7	251	0
7	253	0
7	255	0
7	257	0
7	259	0
7	261	0
7	263	0
7	265	0
7	267	0
7	269	0
7	271	0
7	273	0
7	275	0
7	277	0
7	279	0
7	281	0
7	283	0
7	285	0
7	287	0
7	289	0
7	291	0
7	293	0
7	295	0
7	297	0
7	299	0
7	301	0
7	303	0
7	305	0
7	307	0
7	309	0
7	311	0
7	313	0
7	315	0
7	317	0
7	319	0
7	321	0
7	323	0
7	325	0
7	327	0
7	329	0
7	331	0
7	333	0
7	335	0
7	337	0
7	339	0
7	341	0
7	343	0
7	345	0
7	2	0
7	4	0
7	6	0
7	8	0
7	10	0
7	12	0
7	14	0
7	16	0
7	18	0
7	20	0
7	22	0
7	24	0
7	26	0
7	28	0
7	30	0
7	32	0
7	34	0
7	36	0
7	38	0
7	40	0
7	42	0
7	44	0
7	46	0
7	48	0
7	50	0
7	52	0
7	54	0
7	56	0
7	58	0
7	60	0
7	62	0
7	64	0
7	66	0
7	68	0
7	70	0
7	72	0
7	74	0
7	76	0
7	78	0
7	80	0
7	82	0
7	84	0
7	86	0
7	88	0
7	90	0
7	92	0
7	94	0
7	96	0
7	98	0
7	100	0
7	102	0
7	104	0
7	106	0
7	108	0
7	110	0
7	112	0
7	114	0
7	116	0
7	118	0
7	120	0
7	122	0
7	124	0
7	126	0
7	128	0
7	130	0
7	132	0
7	134	0
7	136	0
7	138	0
7	140	0
7	142	0
7	144	0
7	146	0
7	148	0
7	150	0
7	152	0
7	154	0
7	156	0
7	158	0
7	160	0
7	162	0
7	164	0
7	166	0
7	168	0
7	170	0
7	172	0
7	174	0
7	176	0
7	178	0
7	180	0
7	182	0
7	184	0
7	186	0
7	188	0
7	190	0
7	192	0
7	194	0
7	196	0
7	198	0
7	200	0
7	202	0
7	204	0
7	206	0
7	208	0
7	210	0
7	212	0
7	214	0
7	216	0
7	218	0
7	220	0
7	222	0
7	224	0
7	226	0
7	228	0
7	230	0
7	232	0
7	234	0
7	236	0
7	238	0
7	240	0
7	242	0
7	244	0
7	246	0
7	248	0
7	250	0
7	252	0
7	254	0
7	256	0
7	258	0
7	260	0
7	262	0
7	264	0
7	266	0
7	268	0
7	270	0
7	272	0
7	274	0
7	276	0
7	278	0
7	280	0
7	282	0
7	284	0
7	286	0
7	288	0
7	290	0
7	292	0
7	294	0
7	296	0
7	298	0
7	300	0
7	302	0
7	304	0
7	306	0
7	308	0
7	310	0
7	312	0
7	314	0
7	316	0
7	318	0
7	320	0
7	322	0
7	324	0
7	326	0
7	328	0
7	330	0
7	332	0
7	334	0
7	336	0
7	338	0
7	340	0
7	342	0
7	344	0
7	346	0
8	1	0
8	3	0
8	5	0
8	7	0
8	9	0
8	11	0
8	13	0
8	15	0
8	17	0
8	19	0
8	21	0
8	23	0
8	25	0
8	27	0
8	29	0
8	31	0
8	33	0
8	35	0
8	37	0
8	39	0
8	41	0
8	43	0
8	45	0
8	47	0
8	49	0
8	51	0
8	53	0
8	55	0
8	57	0
8	59	0
8	61	0
8	63	0
8	65	0
8	67	0
8	69	0
8	71	0
8	73	0
8	75	0
8	77	0
8	79	0
8	81	0
8	83	0
8	85	0
8	87	0
8	89	0
8	91	0
8	93	0
8	95	0
8	97	0
8	99	0
8	101	0
8	103	0
8	105	0
8	107	0
8	109	0
8	111	0
8	113	0
8	115	0
8	117	0
8	119	0
8	121	0
8	123	0
8	125	0
8	127	0
8	129	0
8	131	0
8	133	0
8	135	0
8	137	0
8	139	0
8	141	0
8	143	0
8	145	0
8	147	0
8	149	0
8	151	0
8	153	0
8	155	0
8	157	0
8	159	0
8	161	0
8	163	0
8	165	0
8	167	0
8	169	0
8	171	0
8	173	0
8	175	0
8	177	0
8	179	0
8	181	0
8	183	0
8	185	0
8	187	0
8	189	0
8	191	0
8	193	0
8	195	0
8	197	0
8	199	0
8	201	0
8	203	0
8	205	0
8	207	0
8	209	0
8	211	0
8	213	0
8	215	0
8	217	0
8	219	0
8	221	0
8	223	0
8	225	0
8	227	0
8	229	0
8	231	0
8	233	0
8	235	0
8	237	0
8	239	0
8	241	0
8	243	0
8	245	0
8	247	0
8	249	0
8	251	0
8	253	0
8	255	0
8	257	0
8	259	0
8	261	0
8	263	0
8	265	0
8	267	0
8	269	0
8	271	0
8	273	0
8	275	0
8	277	0
8	279	0
8	281	0
8	283	0
8	285	0
8	287	0
8	289	0
8	291	0
8	293	0
8	295	0
8	297	0
8	299	0
8	301	0
8	303	0
8	305	0
8	307	0
8	309	0
8	311	0
8	313	0
8	315	0
8	317	0
8	319	0
8	321	0
8	323	0
8	325	0
8	327	0
8	329	0
8	331	0
8	333	0
8	335	0
8	337	0
8	339	0
8	341	0
8	343	0
8	345	0
8	2	0
8	4	0
8	6	0
8	8	0
8	10	0
8	12	0
8	14	0
8	16	0
8	18	0
8	20	0
8	22	0
8	24	0
8	26	0
8	28	0
8	30	0
8	32	0
8	34	0
8	36	0
8	38	0
8	40	0
8	42	0
8	44	0
8	46	0
8	48	0
8	50	0
8	52	0
8	54	0
8	56	0
8	58	0
8	60	0
8	62	0
8	64	0
8	66	0
8	68	0
8	70	0
8	72	0
8	74	0
8	76	0
8	78	0
8	80	0
8	82	0
8	84	0
8	86	0
8	88	0
8	90	0
8	92	0
8	94	0
8	96	0
8	98	0
8	100	0
8	102	0
8	104	0
8	106	0
8	108	0
8	110	0
8	112	0
8	114	0
8	116	0
8	118	0
8	120	0
8	122	0
8	124	0
8	126	0
8	128	0
8	130	0
8	132	0
8	134	0
8	136	0
8	138	0
8	140	0
8	142	0
8	144	0
8	146	0
8	148	0
8	150	0
8	152	0
8	154	0
8	156	0
8	158	0
8	160	0
8	162	0
8	164	0
8	166	0
8	168	0
8	170	0
8	172	0
8	174	0
8	176	0
8	178	0
8	180	0
8	182	0
8	184	0
8	186	0
8	188	0
8	190	0
8	192	0
8	194	0
8	196	0
8	198	0
8	200	0
8	202	0
8	204	0
8	206	0
8	208	0
8	210	0
8	212	0
8	214	0
8	216	0
8	218	0
8	220	0
8	222	0
8	224	0
8	226	0
8	228	0
8	230	0
8	232	0
8	234	0
8	236	0
8	238	0
8	240	0
8	242	0
8	244	0
8	246	0
8	248	0
8	250	0
8	252	0
8	254	0
8	256	0
8	258	0
8	260	0
8	262	0
8	264	0
8	266	0
8	268	0
8	270	0
8	272	0
8	274	0
8	276	0
8	278	0
8	280	0
8	282	0
8	284	0
8	286	0
8	288	0
8	290	0
8	292	0
8	294	0
8	296	0
8	298	0
8	300	0
8	302	0
8	304	0
8	306	0
8	308	0
8	310	0
8	312	0
8	314	0
8	316	0
8	318	0
8	320	0
8	322	0
8	324	0
8	326	0
8	328	0
8	330	0
8	332	0
8	334	0
8	336	0
8	338	0
8	340	0
8	342	0
8	344	0
8	346	0
9	1	0
9	3	0
9	5	0
9	7	0
9	9	0
9	11	0
9	13	0
9	15	0
9	17	0
9	19	0
9	21	0
9	23	0
9	25	0
9	27	0
9	29	0
9	31	0
9	33	0
9	35	0
9	37	0
9	39	0
9	41	0
9	43	0
9	45	0
9	47	0
9	49	0
9	51	0
9	53	0
9	55	0
9	57	0
9	59	0
9	61	0
9	63	0
9	65	0
9	67	0
9	69	0
9	71	0
9	73	0
9	75	0
9	77	0
9	79	0
9	81	0
9	83	0
9	85	0
9	87	0
9	89	0
9	91	0
9	93	0
9	95	0
9	97	0
9	99	0
9	101	0
9	103	0
9	105	0
9	107	0
9	109	0
9	111	0
9	113	0
9	115	0
9	117	0
9	119	0
9	121	0
9	123	0
9	125	0
9	127	0
9	129	0
9	131	0
9	133	0
9	135	0
9	137	0
9	139	0
9	141	0
9	143	0
9	145	0
9	147	0
9	149	0
9	151	0
9	153	0
9	155	0
9	157	0
9	159	0
9	161	0
9	163	0
9	165	0
9	167	0
9	169	0
9	171	0
9	173	0
9	175	0
9	177	0
9	179	0
9	181	0
9	183	0
9	185	0
9	187	0
9	189	0
9	191	0
9	193	0
9	195	0
9	197	0
9	199	0
9	201	0
9	203	0
9	205	0
9	207	0
9	209	0
9	211	0
9	213	0
9	215	0
9	217	0
9	219	0
9	221	0
9	223	0
9	225	0
9	227	0
9	229	0
9	231	0
9	233	0
9	235	0
9	237	0
9	239	0
9	241	0
9	243	0
9	245	0
9	247	0
9	249	0
9	251	0
9	253	0
9	255	0
9	257	0
9	259	0
9	261	0
9	263	0
9	265	0
9	267	0
9	269	0
9	271	0
9	273	0
9	275	0
9	277	0
9	279	0
9	281	0
9	283	0
9	285	0
9	287	0
9	289	0
9	291	0
9	293	0
9	295	0
9	297	0
9	299	0
9	301	0
9	303	0
9	305	0
9	307	0
9	309	0
9	311	0
9	313	0
9	315	0
9	317	0
9	319	0
9	321	0
9	323	0
9	325	0
9	327	0
9	329	0
9	331	0
9	333	0
9	335	0
9	337	0
9	339	0
9	341	0
9	343	0
9	345	0
9	2	0
9	4	0
9	6	0
9	8	0
9	10	0
9	12	0
9	14	0
9	16	0
9	18	0
9	20	0
9	22	0
9	24	0
9	26	0
9	28	0
9	30	0
9	32	0
9	34	0
9	36	0
9	38	0
9	40	0
9	42	0
9	44	0
9	46	0
9	48	0
9	50	0
9	52	0
9	54	0
9	56	0
9	58	0
9	60	0
9	62	0
9	64	0
9	66	0
9	68	0
9	70	0
9	72	0
9	74	0
9	76	0
9	78	0
9	80	0
9	82	0
9	84	0
9	86	0
9	88	0
9	90	0
9	92	0
9	94	0
9	96	0
9	98	0
9	100	0
9	102	0
9	104	0
9	106	0
9	108	0
9	110	0
9	112	0
9	114	0
9	116	0
9	118	0
9	120	0
9	122	0
9	124	0
9	126	0
9	128	0
9	130	0
9	132	0
9	134	0
9	136	0
9	138	0
9	140	0
9	142	0
9	144	0
9	146	0
9	148	0
9	150	0
9	152	0
9	154	0
9	156	0
9	158	0
9	160	0
9	162	0
9	164	0
9	166	0
9	168	0
9	170	0
9	172	0
9	174	0
9	176	0
9	178	0
9	180	0
9	182	0
9	184	0
9	186	0
9	188	0
9	190	0
9	192	0
9	194	0
9	196	0
9	198	0
9	200	0
9	202	0
9	204	0
9	206	0
9	208	0
9	210	0
9	212	0
9	214	0
9	216	0
9	218	0
9	220	0
9	222	0
9	224	0
9	226	0
9	228	0
9	230	0
9	232	0
9	234	0
9	236	0
9	238	0
9	240	0
9	242	0
9	244	0
9	246	0
9	248	0
9	250	0
9	252	0
9	254	0
9	256	0
9	258	0
9	260	0
9	262	0
9	264	0
9	266	0
9	268	0
9	270	0
9	272	0
9	274	0
9	276	0
9	278	0
9	280	0
9	282	0
9	284	0
9	286	0
9	288	0
9	290	0
9	292	0
9	294	0
9	296	0
9	298	0
9	300	0
9	302	0
9	304	0
9	306	0
9	308	0
9	310	0
9	312	0
9	314	0
9	316	0
9	318	0
9	320	0
9	322	0
9	324	0
9	326	0
9	328	0
9	330	0
9	332	0
9	334	0
9	336	0
9	338	0
9	340	0
9	342	0
9	344	0
9	346	0
10	1	0
10	3	0
10	5	0
10	7	0
10	9	0
10	11	0
10	13	0
10	15	0
10	17	0
10	19	0
10	21	0
10	23	0
10	25	0
10	27	0
10	29	0
10	31	0
10	33	0
10	35	0
10	37	0
10	39	0
10	41	0
10	43	0
10	45	0
10	47	0
10	49	0
10	51	0
10	53	0
10	55	0
10	57	0
10	59	0
10	61	0
10	63	0
10	65	0
10	67	0
10	69	0
10	71	0
10	73	0
10	75	0
10	77	0
10	79	0
10	81	0
10	83	0
10	85	0
10	87	0
10	89	0
10	91	0
10	93	0
10	95	0
10	97	0
10	99	0
10	101	0
10	103	0
10	105	0
10	107	0
10	109	0
10	111	0
10	113	0
10	115	0
10	117	0
10	119	0
10	121	0
10	123	0
10	125	0
10	127	0
10	129	0
10	131	0
10	133	0
10	135	0
10	137	0
10	139	0
10	141	0
10	143	0
10	145	0
10	147	0
10	149	0
10	151	0
10	153	0
10	155	0
10	157	0
10	159	0
10	161	0
10	163	0
10	165	0
10	167	0
10	169	0
10	171	0
10	173	0
10	175	0
10	177	0
10	179	0
10	181	0
10	183	0
10	185	0
10	187	0
10	189	0
10	191	0
10	193	0
10	195	0
10	197	0
10	199	0
10	201	0
10	203	0
10	205	0
10	207	0
10	209	0
10	211	0
10	213	0
10	215	0
10	217	0
10	219	0
10	221	0
10	223	0
10	225	0
10	227	0
10	229	0
10	231	0
10	233	0
10	235	0
10	237	0
10	239	0
10	241	0
10	243	0
10	245	0
10	247	0
10	249	0
10	251	0
10	253	0
10	255	0
10	257	0
10	259	0
10	261	0
10	263	0
10	265	0
10	267	0
10	269	0
10	271	0
10	273	0
10	275	0
10	277	0
10	279	0
10	281	0
10	283	0
10	285	0
10	287	0
10	289	0
10	291	0
10	293	0
10	295	0
10	297	0
10	299	0
10	301	0
10	303	0
10	305	0
10	307	0
10	309	0
10	311	0
10	313	0
10	315	0
10	317	0
10	319	0
10	321	0
10	323	0
10	325	0
10	327	0
10	329	0
10	331	0
10	333	0
10	335	0
10	337	0
10	339	0
10	341	0
10	343	0
10	345	0
10	2	0
10	4	0
10	6	0
10	8	0
10	10	0
10	12	0
10	14	0
10	16	0
10	18	0
10	20	0
10	22	0
10	24	0
10	26	0
10	28	0
10	30	0
10	32	0
10	34	0
10	36	0
10	38	0
10	40	0
10	42	0
10	44	0
10	46	0
10	48	0
10	50	0
10	52	0
10	54	0
10	56	0
10	58	0
10	60	0
10	62	0
10	64	0
10	66	0
10	68	0
10	70	0
10	72	0
10	74	0
10	76	0
10	78	0
10	80	0
10	82	0
10	84	0
10	86	0
10	88	0
10	90	0
10	92	0
10	94	0
10	96	0
10	98	0
10	100	0
10	102	0
10	104	0
10	106	0
10	108	0
10	110	0
10	112	0
10	114	0
10	116	0
10	118	0
10	120	0
10	122	0
10	124	0
10	126	0
10	128	0
10	130	0
10	132	0
10	134	0
10	136	0
10	138	0
10	140	0
10	142	0
10	144	0
10	146	0
10	148	0
10	150	0
10	152	0
10	154	0
10	156	0
10	158	0
10	160	0
10	162	0
10	164	0
10	166	0
10	168	0
10	170	0
10	172	0
10	174	0
10	176	0
10	178	0
10	180	0
10	182	0
10	184	0
10	186	0
10	188	0
10	190	0
10	192	0
10	194	0
10	196	0
10	198	0
10	200	0
10	202	0
10	204	0
10	206	0
10	208	0
10	210	0
10	212	0
10	214	0
10	216	0
10	218	0
10	220	0
10	222	0
10	224	0
10	226	0
10	228	0
10	230	0
10	232	0
10	234	0
10	236	0
10	238	0
10	240	0
10	242	0
10	244	0
10	246	0
10	248	0
10	250	0
10	252	0
10	254	0
10	256	0
10	258	0
10	260	0
10	262	0
10	264	0
10	266	0
10	268	0
10	270	0
10	272	0
10	274	0
10	276	0
10	278	0
10	280	0
10	282	0
10	284	0
10	286	0
10	288	0
10	290	0
10	292	0
10	294	0
10	296	0
10	298	0
10	300	0
10	302	0
10	304	0
10	306	0
10	308	0
10	310	0
10	312	0
10	314	0
10	316	0
10	318	0
10	320	0
10	322	0
10	324	0
10	326	0
10	328	0
10	330	0
10	332	0
10	334	0
10	336	0
10	338	0
10	340	0
10	342	0
10	344	0
10	346	0
11	1	0
11	3	0
11	5	0
11	7	0
11	9	0
11	11	0
11	13	0
11	15	0
11	17	0
11	19	0
11	21	0
11	23	0
11	25	0
11	27	0
11	29	0
11	31	0
11	33	0
11	35	0
11	37	0
11	39	0
11	41	0
11	43	0
11	45	0
11	47	0
11	49	0
11	51	0
11	53	0
11	55	0
11	57	0
11	59	0
11	61	0
11	63	0
11	65	0
11	67	0
11	69	0
11	71	0
11	73	0
11	75	0
11	77	0
11	79	0
11	81	0
11	83	0
11	85	0
11	87	0
11	89	0
11	91	0
11	93	0
11	95	0
11	97	0
11	99	0
11	101	0
11	103	0
11	105	0
11	107	0
11	109	0
11	111	0
11	113	0
11	115	0
11	117	0
11	119	0
11	121	0
11	123	0
11	125	0
11	127	0
11	129	0
11	131	0
11	133	0
11	135	0
11	137	0
11	139	0
11	141	0
11	143	0
11	145	0
11	147	0
11	149	0
11	151	0
11	153	0
11	155	0
11	157	0
11	159	0
11	161	0
11	163	0
11	165	0
11	167	0
11	169	0
11	171	0
11	173	0
11	175	0
11	177	0
11	179	0
11	181	0
11	183	0
11	185	0
11	187	0
11	189	0
11	191	0
11	193	0
11	195	0
11	197	0
11	199	0
11	201	0
11	203	0
11	205	0
11	207	0
11	209	0
11	211	0
11	213	0
11	215	0
11	217	0
11	219	0
11	221	0
11	223	0
11	225	0
11	227	0
11	229	0
11	231	0
11	233	0
11	235	0
11	237	0
11	239	0
11	241	0
11	243	0
11	245	0
11	247	0
11	249	0
11	251	0
11	253	0
11	255	0
11	257	0
11	259	0
11	261	0
11	263	0
11	265	0
11	267	0
11	269	0
11	271	0
11	273	0
11	275	0
11	277	0
11	279	0
11	281	0
11	283	0
11	285	0
11	287	0
11	289	0
11	291	0
11	293	0
11	295	0
11	297	0
11	299	0
11	301	0
11	303	0
11	305	0
11	307	0
11	309	0
11	311	0
11	313	0
11	315	0
11	317	0
11	319	0
11	321	0
11	323	0
11	325	0
11	327	0
11	329	0
11	331	0
11	333	0
11	335	0
11	337	0
11	339	0
11	341	0
11	343	0
11	345	0
11	2	0
11	4	0
11	6	0
11	8	0
11	10	0
11	12	0
11	14	0
11	16	0
11	18	0
11	20	0
11	22	0
11	24	0
11	26	0
11	28	0
11	30	0
11	32	0
11	34	0
11	36	0
11	38	0
11	40	0
11	42	0
11	44	0
11	46	0
11	48	0
11	50	0
11	52	0
11	54	0
11	56	0
11	58	0
11	60	0
11	62	0
11	64	0
11	66	0
11	68	0
11	70	0
11	72	0
11	74	0
11	76	0
11	78	0
11	80	0
11	82	0
11	84	0
11	86	0
11	88	0
11	90	0
11	92	0
11	94	0
11	96	0
11	98	0
11	100	0
11	102	0
11	104	0
11	106	0
11	108	0
11	110	0
11	112	0
11	114	0
11	116	0
11	118	0
11	120	0
11	122	0
11	124	0
11	126	0
11	128	0
11	130	0
11	132	0
11	134	0
11	136	0
11	138	0
11	140	0
11	142	0
11	144	0
11	146	0
11	148	0
11	150	0
11	152	0
11	154	0
11	156	0
11	158	0
11	160	0
11	162	0
11	164	0
11	166	0
11	168	0
11	170	0
11	172	0
11	174	0
11	176	0
11	178	0
11	180	0
11	182	0
11	184	0
11	186	0
11	188	0
11	190	0
11	192	0
11	194	0
11	196	0
11	198	0
11	200	0
11	202	0
11	204	0
11	206	0
11	208	0
11	210	0
11	212	0
11	214	0
11	216	0
11	218	0
11	220	0
11	222	0
11	224	0
11	226	0
11	228	0
11	230	0
11	232	0
11	234	0
11	236	0
11	238	0
11	240	0
11	242	0
11	244	0
11	246	0
11	248	0
11	250	0
11	252	0
11	254	0
11	256	0
11	258	0
11	260	0
11	262	0
11	264	0
11	266	0
11	268	0
11	270	0
11	272	0
11	274	0
11	276	0
11	278	0
11	280	0
11	282	0
11	284	0
11	286	0
11	288	0
11	290	0
11	292	0
11	294	0
11	296	0
11	298	0
11	300	0
11	302	0
11	304	0
11	306	0
11	308	0
11	310	0
11	312	0
11	314	0
11	316	0
11	318	0
11	320	0
11	322	0
11	324	0
11	326	0
11	328	0
11	330	0
11	332	0
11	334	0
11	336	0
11	338	0
11	340	0
11	342	0
11	344	0
11	346	0
61	1	0
61	3	0
61	5	0
61	7	0
61	9	0
61	11	0
61	13	0
61	15	0
61	17	0
61	19	0
61	21	0
61	23	0
61	25	0
61	27	0
61	29	0
61	31	0
61	33	0
61	35	0
61	37	0
61	39	0
61	41	0
61	43	0
61	45	0
61	47	0
61	49	0
61	51	0
61	53	0
61	55	0
61	57	0
61	59	0
61	61	0
61	63	0
61	65	0
61	67	0
61	69	0
61	71	0
61	73	0
61	75	0
61	77	0
61	79	0
61	81	0
61	83	0
61	85	0
61	87	0
61	89	0
61	91	0
61	93	0
61	95	0
61	97	0
61	99	0
61	101	0
61	103	0
61	105	0
61	107	0
61	109	0
61	111	0
61	113	0
61	115	0
61	117	0
61	119	0
61	121	0
61	123	0
61	125	0
61	127	0
61	129	0
61	131	0
61	133	0
61	135	0
61	137	0
61	139	0
61	141	0
61	143	0
61	145	0
61	147	0
61	149	0
61	151	0
61	153	0
61	155	0
61	157	0
61	159	0
61	161	0
61	163	0
61	165	0
61	167	0
61	169	0
61	171	0
61	173	0
61	175	0
61	177	0
61	179	0
61	181	0
61	183	0
61	185	0
61	187	0
61	189	0
61	191	0
61	193	0
61	195	0
61	197	0
61	199	0
61	201	0
61	203	0
61	205	0
61	207	0
61	209	0
61	211	0
61	213	0
61	215	0
61	217	0
61	219	0
61	221	0
61	223	0
61	225	0
61	227	0
61	229	0
61	231	0
61	233	0
61	235	0
61	237	0
61	239	0
61	241	0
61	243	0
61	245	0
61	247	0
61	249	0
61	251	0
61	253	0
61	255	0
61	257	0
61	259	0
61	261	0
61	263	0
61	265	0
61	267	0
61	269	0
61	271	0
61	273	0
61	275	0
61	277	0
61	279	0
61	281	0
61	283	0
61	285	0
61	287	0
61	289	0
61	291	0
61	293	0
61	295	0
61	297	0
61	299	0
61	301	0
61	303	0
61	305	0
61	307	0
61	309	0
61	311	0
61	313	0
61	315	0
61	317	0
61	319	0
61	321	0
61	323	0
61	325	0
61	327	0
61	329	0
61	331	0
61	333	0
61	335	0
61	337	0
61	339	0
61	341	0
61	343	0
61	345	0
61	2	0
61	4	0
61	6	0
61	8	0
61	10	0
61	12	0
61	14	0
61	16	0
61	18	0
61	20	0
61	22	0
61	24	0
61	26	0
61	28	0
61	30	0
61	32	0
61	34	0
61	36	0
61	38	0
61	40	0
61	42	0
61	44	0
61	46	0
61	48	0
61	50	0
61	52	0
61	54	0
61	56	0
61	58	0
61	60	0
61	62	0
61	64	0
61	66	0
61	68	0
61	70	0
61	72	0
61	74	0
61	76	0
61	78	0
61	80	0
61	82	0
61	84	0
61	86	0
61	88	0
61	90	0
61	92	0
61	94	0
61	96	0
61	98	0
61	100	0
61	102	0
61	104	0
61	106	0
61	108	0
61	110	0
61	112	0
61	114	0
61	116	0
61	118	0
61	120	0
61	122	0
61	124	0
61	126	0
61	128	0
61	130	0
61	132	0
61	134	0
61	136	0
61	138	0
61	140	0
61	142	0
61	144	0
61	146	0
61	148	0
61	150	0
61	152	0
61	154	0
61	156	0
61	158	0
61	160	0
61	162	0
61	164	0
61	166	0
61	168	0
61	170	0
61	172	0
61	174	0
61	176	0
61	178	0
61	180	0
61	182	0
61	184	0
61	186	0
61	188	0
61	190	0
61	192	0
61	194	0
61	196	0
61	198	0
61	200	0
61	202	0
61	204	0
61	206	0
61	208	0
61	210	0
61	212	0
61	214	0
61	216	0
61	218	0
61	220	0
61	222	0
61	224	0
61	226	0
61	228	0
61	230	0
61	232	0
61	234	0
61	236	0
61	238	0
61	240	0
61	242	0
61	244	0
61	246	0
61	248	0
61	250	0
61	252	0
61	254	0
61	256	0
61	258	0
61	260	0
61	262	0
61	264	0
61	266	0
61	268	0
61	270	0
61	272	0
61	274	0
61	276	0
61	278	0
61	280	0
61	282	0
61	284	0
61	286	0
61	288	0
61	290	0
61	292	0
61	294	0
61	296	0
61	298	0
61	300	0
61	302	0
61	304	0
61	306	0
61	308	0
61	310	0
61	312	0
61	314	0
61	316	0
61	318	0
61	320	0
61	322	0
61	324	0
61	326	0
61	328	0
61	330	0
61	332	0
61	334	0
61	336	0
61	338	0
61	340	0
61	342	0
61	344	0
61	346	0
12	4	0
12	6	0
12	11	0
12	15	0
12	18	0
12	24	0
12	29	0
12	32	0
12	36	0
12	38	0
12	40	0
12	43	0
12	45	0
12	47	0
12	52	0
12	55	0
12	61	0
12	65	0
12	68	0
12	74	0
12	76	0
12	79	0
12	82	0
12	84	0
12	86	0
12	89	0
12	92	0
12	95	0
12	99	0
12	102	0
12	104	0
12	110	0
12	113	0
12	117	0
12	120	0
12	122	0
12	124	0
12	126	0
12	128	0
12	132	0
12	134	0
12	136	0
12	138	0
12	140	0
12	142	0
12	144	0
12	146	0
12	148	0
12	150	0
12	152	0
12	154	0
12	159	0
12	162	0
12	167	0
12	173	0
12	176	0
12	179	0
12	185	0
12	190	0
12	193	0
12	197	0
12	200	0
12	203	0
12	206	0
12	210	0
12	213	0
12	217	0
12	219	0
12	221	0
12	224	0
12	231	0
12	234	0
12	236	0
12	240	0
12	244	0
12	248	0
12	251	0
12	3	0
12	5	0
12	8	0
12	12	0
12	16	0
12	22	0
12	25	0
12	31	0
12	34	0
12	37	0
12	39	0
12	41	0
12	44	0
12	46	0
12	51	0
12	54	0
12	59	0
12	62	0
12	67	0
12	70	0
12	75	0
12	78	0
12	80	0
12	83	0
12	85	0
12	88	0
12	90	0
12	94	0
12	96	0
12	101	0
12	103	0
12	107	0
12	111	0
12	115	0
12	119	0
12	121	0
12	123	0
12	125	0
12	127	0
12	130	0
12	133	0
12	135	0
12	137	0
12	139	0
12	141	0
12	143	0
12	145	0
12	147	0
12	149	0
12	151	0
12	153	0
12	157	0
12	161	0
12	163	0
12	171	0
12	174	0
12	177	0
12	181	0
12	187	0
12	191	0
12	195	0
12	199	0
12	201	0
12	205	0
12	208	0
12	211	0
12	215	0
12	218	0
12	220	0
12	223	0
12	225	0
12	233	0
12	235	0
12	238	0
12	242	0
12	246	0
12	249	0
12	253	0
12	254	0
12	256	0
12	274	0
12	276	0
12	279	0
12	281	0
12	284	0
12	287	0
12	289	0
12	291	0
12	293	0
12	294	0
12	295	0
12	296	0
12	297	0
12	299	0
12	301	0
12	302	0
12	303	0
12	305	0
12	307	0
12	308	0
12	309	0
12	310	0
12	312	0
12	313	0
12	314	0
12	315	0
12	317	0
12	318	0
12	319	0
12	320	0
12	321	0
12	322	0
12	323	0
12	324	0
12	325	0
12	326	0
12	327	0
12	328	0
12	329	0
12	330	0
12	331	0
12	332	0
12	333	0
12	334	0
12	335	0
12	336	0
12	338	0
12	339	0
12	340	0
12	341	0
12	342	0
12	343	0
12	344	0
12	345	0
12	346	0
12	347	0
12	348	0
12	349	0
12	350	0
12	351	0
12	352	0
12	353	0
12	354	0
12	355	0
12	356	0
12	357	0
12	358	0
12	359	0
12	360	0
12	361	0
13	4	0
13	6	0
13	11	0
13	15	0
13	18	0
13	24	0
13	29	0
13	32	0
13	36	0
13	38	0
13	40	0
13	43	0
13	45	0
13	47	0
13	52	0
13	55	0
13	61	0
13	65	0
13	68	0
13	74	0
13	76	0
13	79	0
13	82	0
13	84	0
13	86	0
13	89	0
13	92	0
13	95	0
13	99	0
13	102	0
13	104	0
13	110	0
13	113	0
13	117	0
13	120	0
13	122	0
13	124	0
13	126	0
13	128	0
13	132	0
13	134	0
13	136	0
13	138	0
13	140	0
13	142	0
13	144	0
13	146	0
13	148	0
13	150	0
13	152	0
13	154	0
13	159	0
13	162	0
13	167	0
13	173	0
13	176	0
13	179	0
13	185	0
13	190	0
13	193	0
13	197	0
13	200	0
13	203	0
13	206	0
13	210	0
13	213	0
13	217	0
13	219	0
13	221	0
13	224	0
13	231	0
13	234	0
13	236	0
13	240	0
13	244	0
13	248	0
13	251	0
13	3	0
13	5	0
13	8	0
13	12	0
13	16	0
13	22	0
13	25	0
13	31	0
13	34	0
13	37	0
13	39	0
13	41	0
13	44	0
13	46	0
13	51	0
13	54	0
13	59	0
13	62	0
13	67	0
13	70	0
13	75	0
13	78	0
13	80	0
13	83	0
13	85	0
13	88	0
13	90	0
13	94	0
13	96	0
13	101	0
13	103	0
13	107	0
13	111	0
13	115	0
13	119	0
13	121	0
13	123	0
13	125	0
13	127	0
13	130	0
13	133	0
13	135	0
13	137	0
13	139	0
13	141	0
13	143	0
13	145	0
13	147	0
13	149	0
13	151	0
13	153	0
13	157	0
13	161	0
13	163	0
13	171	0
13	174	0
13	177	0
13	181	0
13	187	0
13	191	0
13	195	0
13	199	0
13	201	0
13	205	0
13	208	0
13	211	0
13	215	0
13	218	0
13	220	0
13	223	0
13	225	0
13	233	0
13	235	0
13	238	0
13	242	0
13	246	0
13	249	0
13	253	0
13	254	0
13	256	0
13	274	0
13	276	0
13	279	0
13	281	0
13	284	0
13	287	0
13	289	0
13	291	0
13	293	0
13	294	0
13	295	0
13	296	0
13	297	0
13	299	0
13	301	0
13	302	0
13	303	0
13	305	0
13	307	0
13	308	0
13	309	0
13	310	0
13	312	0
13	313	0
13	314	0
13	315	0
13	317	0
13	318	0
13	319	0
13	320	0
13	321	0
13	322	0
13	323	0
13	324	0
13	325	0
13	326	0
13	327	0
13	328	0
13	329	0
13	330	0
13	331	0
13	332	0
13	333	0
13	334	0
13	335	0
13	336	0
13	338	0
13	339	0
13	340	0
13	341	0
13	342	0
13	343	0
13	344	0
13	345	0
13	346	0
13	347	0
13	348	0
13	349	0
13	350	0
13	351	0
13	352	0
13	353	0
13	354	0
13	355	0
13	356	0
13	357	0
13	358	0
13	359	0
13	360	0
13	361	0
62	4	0
62	6	0
62	11	0
62	15	0
62	18	0
62	24	0
62	29	0
62	32	0
62	36	0
62	38	0
62	40	0
62	43	0
62	45	0
62	47	0
62	52	0
62	55	0
62	61	0
62	65	0
62	68	0
62	74	0
62	76	0
62	79	0
62	82	0
62	84	0
62	86	0
62	89	0
62	92	0
62	95	0
62	99	0
62	102	0
62	104	0
62	110	0
62	113	0
62	117	0
62	120	0
62	122	0
62	124	0
62	126	0
62	128	0
62	132	0
62	134	0
62	136	0
62	138	0
62	140	0
62	142	0
62	144	0
62	146	0
62	148	0
62	150	0
62	152	0
62	154	0
62	159	0
62	162	0
62	167	0
62	173	0
62	176	0
62	179	0
62	185	0
62	190	0
62	193	0
62	197	0
62	200	0
62	203	0
62	206	0
62	210	0
62	213	0
62	217	0
62	219	0
62	221	0
62	224	0
62	231	0
62	234	0
62	236	0
62	240	0
62	244	0
62	248	0
62	251	0
62	3	0
62	5	0
62	8	0
62	12	0
62	16	0
62	22	0
62	25	0
62	31	0
62	34	0
62	37	0
62	39	0
62	41	0
62	44	0
62	46	0
62	51	0
62	54	0
62	59	0
62	62	0
62	67	0
62	70	0
62	75	0
62	78	0
62	80	0
62	83	0
62	85	0
62	88	0
62	90	0
62	94	0
62	96	0
62	101	0
62	103	0
62	107	0
62	111	0
62	115	0
62	119	0
62	121	0
62	123	0
62	125	0
62	127	0
62	130	0
62	133	0
62	135	0
62	137	0
62	139	0
62	141	0
62	143	0
62	145	0
62	147	0
62	149	0
62	151	0
62	153	0
62	157	0
62	161	0
62	163	0
62	171	0
62	174	0
62	177	0
62	181	0
62	187	0
62	191	0
62	195	0
62	199	0
62	201	0
62	205	0
62	208	0
62	211	0
62	215	0
62	218	0
62	220	0
62	223	0
62	225	0
62	233	0
62	235	0
62	238	0
62	242	0
62	246	0
62	249	0
62	253	0
62	254	0
62	256	0
62	274	0
62	276	0
62	279	0
62	281	0
62	284	0
62	287	0
62	289	0
62	291	0
62	293	0
62	294	0
62	295	0
62	296	0
62	297	0
62	299	0
62	301	0
62	302	0
62	303	0
62	305	0
62	307	0
62	308	0
62	309	0
62	310	0
62	312	0
62	313	0
62	314	0
62	315	0
62	317	0
62	318	0
62	319	0
62	320	0
62	321	0
62	322	0
62	323	0
62	324	0
62	325	0
62	326	0
62	327	0
62	328	0
62	329	0
62	330	0
62	331	0
62	332	0
62	333	0
62	334	0
62	335	0
62	336	0
62	338	0
62	339	0
62	340	0
62	341	0
62	342	0
62	343	0
62	344	0
62	345	0
62	346	0
62	347	0
62	348	0
62	349	0
62	350	0
62	351	0
62	352	0
62	353	0
62	354	0
62	355	0
62	356	0
62	357	0
62	358	0
62	359	0
62	360	0
62	361	0
14	183	0
14	194	0
14	228	0
14	258	0
15	183	0
15	194	0
15	228	0
15	258	0
63	183	0
63	194	0
63	228	0
63	258	0
16	260	0
16	269	0
16	267	0
16	271	0
17	260	0
17	269	0
17	267	0
17	271	0
18	260	0
18	269	0
18	267	0
18	271	0
19	260	0
19	269	0
19	267	0
19	271	0
64	260	0
64	269	0
64	267	0
64	271	0
20	166	0
20	230	0
74	166	0
74	230	0
22	166	0
22	230	0
23	166	0
23	230	0
24	166	0
24	230	0
59	166	0
59	230	0
25	166	0
25	230	0
65	166	0
65	230	0
26	72	0
26	98	0
26	106	0
27	72	0
27	98	0
27	106	0
28	72	0
28	98	0
28	106	0
29	72	0
29	98	0
29	106	0
30	72	0
30	98	0
30	106	0
66	72	0
66	98	0
66	106	0
31	156	0
32	156	0
33	156	0
34	156	0
67	156	0
35	272	0
36	272	0
37	272	0
68	272	0
38	227	0
38	165	0
39	227	0
39	165	0
40	227	0
40	165	0
41	227	0
41	165	0
42	227	0
42	165	0
69	227	0
69	165	0
43	277	0
44	277	0
70	277	0
45	169	0
45	263	0
45	266	0
46	169	0
46	263	0
46	266	0
71	169	0
71	263	0
71	266	0
47	286	0
48	286	0
49	286	0
50	286	0
51	286	0
52	286	0
53	286	0
54	286	0
55	286	0
56	286	0
72	286	0
57	2	0
57	14	0
57	21	0
57	28	0
57	30	0
57	42	0
57	53	0
57	64	0
57	109	0
58	2	0
58	14	0
58	21	0
58	28	0
58	30	0
58	42	0
58	53	0
58	64	0
58	109	0
73	2	0
73	14	0
73	21	0
73	28	0
73	30	0
73	42	0
73	53	0
73	64	0
73	109	0
75	166	0
75	230	0
77	4	0
77	5	0
77	6	0
77	9	0
77	10	0
77	11	0
77	12	0
77	13	0
77	14	0
77	15	0
77	16	0
77	33	0
77	39	0
77	49	0
77	52	0
77	60	0
77	63	0
77	64	0
77	65	0
77	66	0
77	67	0
77	71	0
77	72	0
77	73	0
77	74	0
77	79	0
77	81	0
77	82	0
77	86	0
77	91	0
77	92	0
77	93	0
77	94	0
77	97	0
77	98	0
77	105	0
77	106	0
77	107	0
77	108	0
77	109	0
77	110	0
77	112	0
77	141	0
77	144	0
77	147	0
77	190	0
77	196	0
77	197	0
77	198	0
77	199	0
77	200	0
77	204	0
77	205	0
77	211	0
78	4	0
78	5	0
78	6	0
78	9	0
78	10	0
78	11	0
78	12	0
78	13	0
78	14	0
78	15	0
78	16	0
78	33	0
78	39	0
78	49	0
78	52	0
78	60	0
78	63	0
78	64	0
78	65	0
78	66	0
78	67	0
78	71	0
78	72	0
78	73	0
78	74	0
78	79	0
78	81	0
78	82	0
78	86	0
78	91	0
78	92	0
78	93	0
78	94	0
78	97	0
78	98	0
78	105	0
78	106	0
78	107	0
78	108	0
78	109	0
78	110	0
78	112	0
78	141	0
78	144	0
78	147	0
78	190	0
78	196	0
78	197	0
78	198	0
78	199	0
78	200	0
78	204	0
78	205	0
78	211	0
79	4	0
79	5	0
79	6	0
79	9	0
79	10	0
79	11	0
79	12	0
79	13	0
79	14	0
79	15	0
79	16	0
79	33	0
79	39	0
79	49	0
79	52	0
79	60	0
79	63	0
79	64	0
79	65	0
79	66	0
79	67	0
79	71	0
79	72	0
79	73	0
79	74	0
79	79	0
79	81	0
79	82	0
79	86	0
79	91	0
79	92	0
79	93	0
79	94	0
79	97	0
79	98	0
79	105	0
79	106	0
79	107	0
79	108	0
79	109	0
79	110	0
79	112	0
79	141	0
79	144	0
79	147	0
79	190	0
79	196	0
79	197	0
79	198	0
79	199	0
79	200	0
79	204	0
79	205	0
79	211	0
80	261	0
80	264	0
81	261	0
81	264	0
82	261	0
82	264	0
83	166	0
83	230	0
84	286	0
85	286	0
