1	1	0
2	1	0
536	1	0
3	1	0
537	1	0
4	1	0
538	1	0
5	1	0
6	1	0
539	1	0
7	1	0
8	1	0
9	1	0
10	1	0
11	1	0
540	1	0
12	1	0
13	1	0
14	1	0
541	1	0
15	1	0
16	1	0
542	1	0
17	1	0
543	1	0
18	1	0
19	1	0
544	1	0
20	1	0
21	1	0
545	1	0
22	1	0
23	1	0
24	1	0
25	1	0
26	1	0
546	1	0
27	1	0
547	1	0
28	1	0
29	1	0
30	1	0
548	1	0
31	1	0
549	1	0
32	1	0
550	1	0
33	1	0
34	1	0
551	1	0
35	1	0
36	1	0
37	1	0
38	1	0
552	1	0
39	1	0
553	1	0
40	1	0
554	1	0
41	1	0
42	1	0
43	1	0
555	1	0
44	1	0
45	1	0
46	1	0
556	1	0
47	1	0
557	1	0
48	1	0
49	1	0
558	1	0
50	1	0
559	1	0
51	1	0
52	1	0
560	1	0
53	1	0
561	1	0
54	1	0
562	1	0
55	1	0
563	1	0
56	1	0
57	1	0
564	1	0
58	1	0
565	1	0
59	1	0
60	1	0
566	1	0
61	1	0
567	1	0
62	1	0
568	1	0
63	1	0
569	1	0
64	1	0
65	1	0
570	1	0
66	1	0
67	1	0
571	1	0
68	1	0
69	1	0
70	1	0
572	1	0
71	1	0
573	1	0
72	1	0
73	1	0
74	1	0
574	1	0
75	1	0
575	1	0
76	1	0
77	1	0
78	1	0
576	1	0
79	1	0
80	1	0
577	1	0
81	1	0
578	1	0
82	1	0
83	1	0
579	1	0
84	1	0
85	1	0
86	1	0
87	1	0
88	1	0
580	1	0
89	1	0
581	1	0
90	1	0
582	1	0
91	1	0
583	1	0
92	1	0
584	1	0
93	1	0
94	1	0
95	1	0
96	1	0
97	1	0
585	1	0
98	1	0
99	1	0
586	1	0
100	1	0
101	1	0
102	1	0
587	1	0
103	1	0
104	1	0
105	1	0
106	1	0
588	1	0
107	1	0
108	1	0
589	1	0
109	1	0
110	1	0
590	1	0
111	1	0
591	1	0
112	1	0
113	1	0
114	1	0
592	1	0
115	1	0
116	1	0
593	1	0
117	1	0
118	1	0
119	1	0
594	1	0
120	1	0
121	1	0
595	1	0
122	1	0
596	1	0
123	1	0
124	1	0
125	1	0
126	1	0
127	1	0
128	1	0
597	1	0
129	1	0
598	1	0
130	1	0
599	1	0
131	1	0
600	1	0
132	1	0
133	1	0
601	1	0
134	1	0
135	1	0
136	1	0
137	1	0
138	1	0
139	1	0
602	1	0
140	1	0
603	1	0
141	1	0
142	1	0
604	1	0
143	1	0
144	1	0
145	1	0
146	1	0
147	1	0
148	1	0
149	1	0
605	1	0
150	1	0
151	1	0
152	1	0
153	1	0
154	1	0
155	1	0
606	1	0
156	1	0
607	1	0
157	1	0
158	1	0
608	1	0
159	1	0
160	1	0
161	1	0
162	1	0
163	1	0
609	1	0
164	1	0
610	1	0
165	1	0
166	1	0
167	1	0
168	1	0
611	1	0
169	1	0
612	1	0
170	1	0
613	1	0
171	1	0
614	1	0
172	1	0
173	1	0
174	1	0
615	1	0
175	1	0
616	1	0
176	1	0
177	1	0
178	1	0
617	1	0
179	1	0
618	1	0
180	1	0
181	1	0
619	1	0
182	1	0
620	1	0
183	1	0
184	1	0
185	1	0
621	1	0
186	1	0
187	1	0
188	1	0
189	1	0
190	1	0
191	1	0
622	1	0
192	1	0
193	1	0
623	1	0
194	1	0
624	1	0
195	1	0
625	1	0
196	1	0
626	1	0
197	1	0
627	1	0
198	1	0
628	1	0
199	1	0
629	1	0
200	1	0
630	1	0
201	1	0
631	1	0
202	1	0
632	1	0
203	1	0
204	1	0
205	1	0
633	1	0
206	1	0
207	1	0
208	1	0
634	1	0
209	1	0
635	1	0
210	1	0
636	1	0
211	1	0
637	1	0
212	1	0
638	1	0
213	1	0
639	1	0
214	1	0
640	1	0
215	1	0
641	1	0
216	1	0
642	1	0
217	1	0
218	1	0
643	1	0
219	1	0
644	1	0
220	1	0
221	1	0
645	1	0
222	1	0
646	1	0
223	1	0
647	1	0
224	1	0
648	1	0
225	1	0
649	1	0
226	1	0
227	1	0
650	1	0
228	1	0
229	1	0
651	1	0
230	1	0
231	1	0
652	1	0
232	1	0
653	1	0
233	1	0
654	1	0
234	1	0
235	1	0
655	1	0
236	1	0
656	1	0
237	1	0
238	1	0
239	1	0
240	1	0
657	1	0
241	1	0
242	1	0
243	1	0
244	1	0
245	1	0
658	1	0
246	1	0
247	1	0
248	1	0
659	1	0
249	1	0
660	1	0
250	1	0
661	1	0
251	1	0
252	1	0
662	1	0
253	1	0
254	1	0
255	1	0
663	1	0
256	1	0
257	1	0
258	1	0
664	1	0
259	1	0
260	1	0
261	1	0
262	1	0
665	1	0
263	1	0
264	1	0
265	1	0
266	1	0
267	1	0
268	1	0
666	1	0
269	1	0
667	1	0
270	1	0
271	1	0
272	1	0
668	1	0
273	1	0
669	1	0
274	1	0
275	1	0
276	1	0
670	1	0
277	1	0
278	1	0
279	1	0
280	1	0
671	1	0
281	1	0
282	1	0
672	1	0
283	1	0
284	1	0
285	1	0
286	1	0
673	1	0
287	1	0
288	1	0
289	1	0
674	1	0
290	1	0
291	1	0
675	1	0
292	1	0
293	1	0
676	1	0
294	1	0
677	1	0
295	1	0
678	1	0
296	1	0
297	1	0
298	1	0
299	1	0
679	1	0
300	1	0
680	1	0
301	1	0
302	1	0
303	1	0
304	1	0
305	1	0
306	1	0
681	1	0
307	1	0
308	1	0
309	1	0
682	1	0
310	1	0
311	1	0
683	1	0
312	1	0
684	1	0
313	1	0
314	1	0
315	1	0
685	1	0
316	1	0
317	1	0
686	1	0
318	1	0
687	1	0
319	1	0
320	1	0
321	1	0
322	1	0
323	1	0
688	1	0
324	1	0
325	1	0
326	1	0
689	1	0
327	1	0
690	1	0
328	1	0
329	1	0
330	1	0
691	1	0
331	1	0
332	1	0
333	1	0
334	1	0
335	1	0
336	1	0
692	1	0
337	1	0
338	1	0
339	1	0
340	1	0
693	1	0
341	1	0
694	1	0
342	1	0
343	1	0
695	1	0
344	1	0
696	1	0
345	1	0
697	1	0
346	1	0
347	1	0
698	1	0
348	1	0
699	1	0
349	1	0
700	1	0
350	1	0
351	1	0
701	1	0
352	1	0
353	1	0
354	1	0
702	1	0
355	1	0
356	1	0
703	1	0
357	1	0
358	1	0
359	1	0
704	1	0
360	1	0
361	1	0
705	1	0
362	1	0
706	1	0
363	1	0
364	1	0
365	1	0
707	1	0
366	1	0
367	1	0
368	1	0
708	1	0
369	1	0
709	1	0
370	1	0
710	1	0
371	1	0
372	1	0
373	1	0
374	1	0
711	1	0
375	1	0
376	1	0
377	1	0
712	1	0
378	1	0
379	1	0
713	1	0
380	1	0
714	1	0
381	1	0
715	1	0
382	1	0
383	1	0
384	1	0
385	1	0
716	1	0
386	1	0
387	1	0
388	1	0
389	1	0
717	1	0
390	1	0
391	1	0
718	1	0
392	1	0
393	1	0
394	1	0
719	1	0
395	1	0
396	1	0
720	1	0
397	1	0
398	1	0
721	1	0
399	1	0
400	1	0
722	1	0
401	1	0
402	1	0
403	1	0
404	1	0
405	1	0
723	1	0
406	1	0
407	1	0
724	1	0
408	1	0
409	1	0
410	1	0
411	1	0
725	1	0
412	1	0
413	1	0
414	1	0
415	1	0
726	1	0
416	1	0
417	1	0
418	1	0
727	1	0
419	1	0
420	1	0
421	1	0
422	1	0
728	1	0
423	1	0
424	1	0
425	1	0
426	1	0
427	1	0
729	1	0
428	1	0
429	1	0
730	1	0
430	1	0
431	1	0
432	1	0
433	1	0
434	1	0
435	1	0
436	1	0
437	1	0
438	1	0
439	1	0
440	1	0
441	1	0
442	1	0
731	1	0
443	1	0
444	1	0
445	1	0
446	1	0
447	1	0
732	1	0
448	1	0
449	1	0
450	1	0
451	1	0
452	1	0
733	1	0
453	1	0
454	1	0
455	1	0
734	1	0
456	1	0
457	1	0
458	1	0
459	1	0
735	1	0
460	1	0
736	1	0
461	1	0
462	1	0
737	1	0
463	1	0
738	1	0
464	1	0
739	1	0
465	1	0
466	1	0
467	1	0
468	1	0
469	1	0
740	1	0
470	1	0
471	1	0
741	1	0
472	1	0
742	1	0
473	1	0
743	1	0
474	1	0
475	1	0
476	1	0
477	1	0
744	1	0
478	1	0
745	1	0
479	1	0
746	1	0
480	1	0
747	1	0
481	1	0
482	1	0
748	1	0
483	1	0
749	1	0
484	1	0
485	1	0
750	1	0
486	1	0
487	1	0
488	1	0
751	1	0
489	1	0
752	1	0
490	1	0
491	1	0
753	1	0
492	1	0
493	1	0
494	1	0
495	1	0
754	1	0
496	1	0
755	1	0
497	1	0
498	1	0
756	1	0
499	1	0
500	1	0
757	1	0
501	1	0
502	1	0
758	1	0
503	1	0
759	1	0
504	1	0
505	1	0
760	1	0
506	1	0
761	1	0
507	1	0
508	1	0
509	1	0
762	1	0
510	1	0
763	1	0
511	1	0
512	1	0
513	1	0
764	1	0
514	1	0
765	1	0
515	1	0
766	1	0
516	1	0
767	1	0
517	1	0
518	1	0
768	1	0
519	1	0
769	1	0
520	1	0
770	1	0
521	1	0
771	1	0
522	1	0
772	1	0
523	1	0
773	1	0
524	1	0
525	1	0
774	1	0
526	1	0
527	1	0
775	1	0
528	1	0
776	1	0
529	1	0
777	1	0
530	1	0
778	1	0
531	1	0
779	1	0
532	1	0
780	1	0
533	1	0
534	1	0
781	1	0
535	1	0
782	1	0
783	1	0
784	1	0
785	1	0
786	1	0
787	1	0
788	1	0
789	1	0
790	1	0
791	1	0
792	1	0
793	1	0
794	1	0
795	1	0
796	1	0
797	1	0
798	1	0
799	1	0
800	1	0
801	1	0
802	1	0
1	14	0
2	14	0
3	14	0
4	14	0
5	14	0
539	14	0
8	14	0
10	14	0
540	14	0
13	14	0
541	14	0
16	14	0
17	14	0
18	14	0
544	14	0
21	14	0
22	14	0
24	14	0
26	14	0
27	14	0
28	14	0
30	14	0
31	14	0
32	14	0
33	14	0
551	14	0
36	14	0
38	14	0
39	14	0
40	14	0
41	14	0
43	14	0
44	14	0
46	14	0
47	14	0
48	14	0
558	14	0
559	14	0
52	14	0
53	14	0
54	14	0
55	14	0
56	14	0
564	14	0
565	14	0
60	14	0
61	14	0
62	14	0
63	14	0
64	14	0
570	14	0
67	14	0
68	14	0
70	14	0
71	14	0
72	14	0
74	14	0
75	14	0
76	14	0
78	14	0
79	14	0
577	14	0
578	14	0
83	14	0
84	14	0
86	14	0
88	14	0
89	14	0
90	14	0
91	14	0
92	14	0
93	14	0
95	14	0
97	14	0
98	14	0
586	14	0
101	14	0
587	14	0
104	14	0
106	14	0
107	14	0
589	14	0
110	14	0
111	14	0
112	14	0
114	14	0
115	14	0
593	14	0
118	14	0
594	14	0
121	14	0
122	14	0
123	14	0
125	14	0
127	14	0
597	14	0
598	14	0
599	14	0
600	14	0
133	14	0
134	14	0
136	14	0
138	14	0
602	14	0
603	14	0
142	14	0
143	14	0
145	14	0
147	14	0
149	14	0
150	14	0
152	14	0
154	14	0
606	14	0
607	14	0
158	14	0
159	14	0
161	14	0
163	14	0
164	14	0
165	14	0
167	14	0
611	14	0
612	14	0
613	14	0
614	14	0
173	14	0
615	14	0
616	14	0
177	14	0
617	14	0
618	14	0
181	14	0
182	14	0
183	14	0
185	14	0
186	14	0
188	14	0
190	14	0
622	14	0
193	14	0
194	14	0
195	14	0
196	14	0
197	14	0
198	14	0
199	14	0
200	14	0
201	14	0
202	14	0
203	14	0
205	14	0
206	14	0
208	14	0
209	14	0
210	14	0
211	14	0
212	14	0
213	14	0
214	14	0
215	14	0
216	14	0
217	14	0
643	14	0
644	14	0
221	14	0
222	14	0
223	14	0
224	14	0
225	14	0
226	14	0
650	14	0
229	14	0
230	14	0
652	14	0
653	14	0
654	14	0
235	14	0
236	14	0
237	14	0
239	14	0
657	14	0
242	14	0
244	14	0
658	14	0
247	14	0
659	14	0
660	14	0
661	14	0
252	14	0
253	14	0
255	14	0
256	14	0
258	14	0
259	14	0
261	14	0
665	14	0
264	14	0
266	14	0
268	14	0
269	14	0
270	14	0
272	14	0
273	14	0
274	14	0
276	14	0
277	14	0
279	14	0
671	14	0
282	14	0
283	14	0
285	14	0
673	14	0
288	14	0
674	14	0
291	14	0
292	14	0
676	14	0
536	14	0
537	14	0
538	14	0
6	14	0
7	14	0
9	14	0
11	14	0
12	14	0
14	14	0
15	14	0
542	14	0
543	14	0
19	14	0
20	14	0
545	14	0
23	14	0
25	14	0
546	14	0
547	14	0
29	14	0
548	14	0
549	14	0
550	14	0
34	14	0
35	14	0
37	14	0
552	14	0
553	14	0
554	14	0
42	14	0
555	14	0
45	14	0
556	14	0
557	14	0
49	14	0
50	14	0
51	14	0
560	14	0
561	14	0
562	14	0
563	14	0
57	14	0
58	14	0
59	14	0
566	14	0
567	14	0
568	14	0
569	14	0
65	14	0
66	14	0
571	14	0
69	14	0
572	14	0
573	14	0
73	14	0
574	14	0
575	14	0
77	14	0
576	14	0
80	14	0
81	14	0
82	14	0
579	14	0
85	14	0
87	14	0
580	14	0
581	14	0
582	14	0
583	14	0
584	14	0
94	14	0
96	14	0
585	14	0
99	14	0
100	14	0
102	14	0
103	14	0
105	14	0
588	14	0
108	14	0
109	14	0
590	14	0
591	14	0
113	14	0
592	14	0
116	14	0
117	14	0
119	14	0
120	14	0
595	14	0
596	14	0
124	14	0
126	14	0
128	14	0
129	14	0
130	14	0
131	14	0
132	14	0
601	14	0
135	14	0
137	14	0
139	14	0
140	14	0
141	14	0
604	14	0
144	14	0
146	14	0
148	14	0
605	14	0
151	14	0
153	14	0
155	14	0
156	14	0
157	14	0
608	14	0
160	14	0
162	14	0
609	14	0
610	14	0
166	14	0
168	14	0
169	14	0
170	14	0
171	14	0
172	14	0
174	14	0
175	14	0
176	14	0
178	14	0
179	14	0
180	14	0
619	14	0
620	14	0
184	14	0
621	14	0
187	14	0
189	14	0
191	14	0
192	14	0
623	14	0
624	14	0
625	14	0
626	14	0
627	14	0
628	14	0
629	14	0
630	14	0
631	14	0
632	14	0
204	14	0
633	14	0
207	14	0
634	14	0
635	14	0
636	14	0
637	14	0
638	14	0
639	14	0
640	14	0
641	14	0
642	14	0
218	14	0
219	14	0
220	14	0
645	14	0
646	14	0
647	14	0
648	14	0
649	14	0
227	14	0
228	14	0
651	14	0
231	14	0
232	14	0
233	14	0
234	14	0
655	14	0
656	14	0
238	14	0
240	14	0
241	14	0
243	14	0
245	14	0
246	14	0
248	14	0
249	14	0
250	14	0
251	14	0
662	14	0
254	14	0
663	14	0
257	14	0
664	14	0
260	14	0
262	14	0
263	14	0
265	14	0
267	14	0
666	14	0
667	14	0
271	14	0
668	14	0
669	14	0
275	14	0
670	14	0
278	14	0
280	14	0
281	14	0
672	14	0
284	14	0
286	14	0
287	14	0
289	14	0
290	14	0
675	14	0
293	14	0
294	14	0
677	14	0
295	14	0
678	14	0
296	14	0
297	14	0
298	14	0
299	14	0
679	14	0
300	14	0
680	14	0
301	14	0
302	14	0
303	14	0
304	14	0
305	14	0
306	14	0
681	14	0
307	14	0
308	14	0
309	14	0
682	14	0
310	14	0
311	14	0
683	14	0
312	14	0
684	14	0
313	14	0
314	14	0
315	14	0
685	14	0
316	14	0
317	14	0
686	14	0
318	14	0
687	14	0
319	14	0
320	14	0
321	14	0
322	14	0
323	14	0
688	14	0
324	14	0
325	14	0
326	14	0
689	14	0
327	14	0
690	14	0
328	14	0
329	14	0
330	14	0
691	14	0
331	14	0
332	14	0
333	14	0
334	14	0
335	14	0
336	14	0
692	14	0
337	14	0
338	14	0
339	14	0
340	14	0
693	14	0
341	14	0
694	14	0
342	14	0
343	14	0
695	14	0
344	14	0
696	14	0
345	14	0
697	14	0
346	14	0
347	14	0
698	14	0
348	14	0
699	14	0
349	14	0
700	14	0
350	14	0
351	14	0
701	14	0
352	14	0
353	14	0
354	14	0
702	14	0
355	14	0
356	14	0
703	14	0
357	14	0
358	14	0
359	14	0
704	14	0
360	14	0
361	14	0
705	14	0
362	14	0
706	14	0
363	14	0
364	14	0
365	14	0
707	14	0
366	14	0
367	14	0
368	14	0
708	14	0
369	14	0
709	14	0
370	14	0
710	14	0
371	14	0
372	14	0
373	14	0
374	14	0
711	14	0
375	14	0
376	14	0
377	14	0
712	14	0
378	14	0
379	14	0
713	14	0
380	14	0
714	14	0
381	14	0
715	14	0
382	14	0
383	14	0
384	14	0
385	14	0
716	14	0
386	14	0
387	14	0
388	14	0
389	14	0
717	14	0
390	14	0
391	14	0
718	14	0
392	14	0
393	14	0
394	14	0
719	14	0
395	14	0
396	14	0
720	14	0
397	14	0
398	14	0
721	14	0
399	14	0
400	14	0
722	14	0
401	14	0
402	14	0
403	14	0
404	14	0
405	14	0
723	14	0
406	14	0
407	14	0
724	14	0
408	14	0
409	14	0
410	14	0
411	14	0
725	14	0
412	14	0
413	14	0
414	14	0
415	14	0
726	14	0
416	14	0
417	14	0
418	14	0
727	14	0
419	14	0
420	14	0
421	14	0
422	14	0
728	14	0
423	14	0
424	14	0
425	14	0
426	14	0
427	14	0
729	14	0
428	14	0
429	14	0
730	14	0
430	14	0
431	14	0
432	14	0
433	14	0
434	14	0
435	14	0
436	14	0
437	14	0
438	14	0
439	14	0
440	14	0
441	14	0
442	14	0
731	14	0
443	14	0
444	14	0
445	14	0
446	14	0
447	14	0
732	14	0
448	14	0
449	14	0
450	14	0
451	14	0
452	14	0
733	14	0
453	14	0
454	14	0
455	14	0
734	14	0
456	14	0
457	14	0
458	14	0
459	14	0
735	14	0
460	14	0
736	14	0
461	14	0
462	14	0
737	14	0
463	14	0
738	14	0
464	14	0
739	14	0
465	14	0
466	14	0
467	14	0
468	14	0
469	14	0
740	14	0
470	14	0
471	14	0
741	14	0
472	14	0
742	14	0
473	14	0
743	14	0
474	14	0
475	14	0
476	14	0
477	14	0
744	14	0
478	14	0
745	14	0
479	14	0
746	14	0
480	14	0
747	14	0
481	14	0
482	14	0
748	14	0
483	14	0
749	14	0
484	14	0
485	14	0
750	14	0
486	14	0
487	14	0
488	14	0
751	14	0
489	14	0
752	14	0
490	14	0
491	14	0
753	14	0
492	14	0
493	14	0
494	14	0
495	14	0
754	14	0
496	14	0
755	14	0
497	14	0
498	14	0
756	14	0
499	14	0
500	14	0
757	14	0
501	14	0
502	14	0
758	14	0
503	14	0
759	14	0
504	14	0
505	14	0
760	14	0
506	14	0
761	14	0
507	14	0
508	14	0
509	14	0
762	14	0
510	14	0
763	14	0
511	14	0
512	14	0
513	14	0
764	14	0
514	14	0
765	14	0
515	14	0
766	14	0
516	14	0
767	14	0
517	14	0
518	14	0
768	14	0
519	14	0
769	14	0
520	14	0
770	14	0
521	14	0
771	14	0
522	14	0
772	14	0
523	14	0
773	14	0
524	14	0
525	14	0
774	14	0
526	14	0
527	14	0
775	14	0
528	14	0
776	14	0
529	14	0
777	14	0
530	14	0
778	14	0
531	14	0
779	14	0
532	14	0
780	14	0
533	14	0
534	14	0
781	14	0
535	14	0
782	14	0
783	14	0
784	14	0
785	14	0
786	14	0
787	14	0
788	14	0
789	14	0
790	14	0
791	14	0
792	14	0
793	14	0
794	14	0
795	14	0
796	14	0
797	14	0
798	14	0
799	14	0
800	14	0
801	14	0
802	14	0
1	15	0
2	15	0
536	15	0
3	15	0
537	15	0
4	15	0
538	15	0
5	15	0
6	15	0
539	15	0
7	15	0
8	15	0
9	15	0
10	15	0
11	15	0
540	15	0
12	15	0
13	15	0
14	15	0
541	15	0
15	15	0
16	15	0
542	15	0
17	15	0
543	15	0
18	15	0
19	15	0
544	15	0
20	15	0
21	15	0
545	15	0
22	15	0
23	15	0
24	15	0
25	15	0
26	15	0
546	15	0
27	15	0
547	15	0
28	15	0
29	15	0
30	15	0
548	15	0
31	15	0
549	15	0
32	15	0
550	15	0
33	15	0
34	15	0
551	15	0
35	15	0
36	15	0
37	15	0
38	15	0
552	15	0
39	15	0
553	15	0
40	15	0
554	15	0
41	15	0
42	15	0
43	15	0
555	15	0
44	15	0
45	15	0
46	15	0
556	15	0
47	15	0
557	15	0
48	15	0
49	15	0
558	15	0
50	15	0
559	15	0
51	15	0
52	15	0
560	15	0
53	15	0
561	15	0
54	15	0
562	15	0
55	15	0
563	15	0
56	15	0
57	15	0
564	15	0
58	15	0
565	15	0
59	15	0
60	15	0
566	15	0
61	15	0
567	15	0
62	15	0
568	15	0
63	15	0
569	15	0
64	15	0
65	15	0
570	15	0
66	15	0
67	15	0
571	15	0
68	15	0
69	15	0
70	15	0
572	15	0
71	15	0
573	15	0
72	15	0
73	15	0
74	15	0
574	15	0
75	15	0
575	15	0
76	15	0
77	15	0
78	15	0
576	15	0
79	15	0
80	15	0
577	15	0
81	15	0
578	15	0
82	15	0
83	15	0
579	15	0
84	15	0
85	15	0
86	15	0
87	15	0
88	15	0
580	15	0
89	15	0
581	15	0
90	15	0
582	15	0
91	15	0
583	15	0
92	15	0
584	15	0
93	15	0
94	15	0
95	15	0
96	15	0
97	15	0
585	15	0
98	15	0
99	15	0
586	15	0
100	15	0
101	15	0
102	15	0
587	15	0
103	15	0
104	15	0
105	15	0
106	15	0
588	15	0
107	15	0
108	15	0
589	15	0
109	15	0
110	15	0
590	15	0
111	15	0
591	15	0
112	15	0
113	15	0
114	15	0
592	15	0
115	15	0
116	15	0
593	15	0
117	15	0
118	15	0
119	15	0
594	15	0
120	15	0
121	15	0
595	15	0
122	15	0
596	15	0
123	15	0
124	15	0
125	15	0
126	15	0
127	15	0
128	15	0
597	15	0
129	15	0
598	15	0
130	15	0
599	15	0
131	15	0
600	15	0
132	15	0
133	15	0
601	15	0
134	15	0
135	15	0
136	15	0
137	15	0
138	15	0
139	15	0
602	15	0
140	15	0
603	15	0
141	15	0
142	15	0
604	15	0
143	15	0
144	15	0
145	15	0
146	15	0
147	15	0
148	15	0
149	15	0
605	15	0
150	15	0
151	15	0
152	15	0
153	15	0
154	15	0
155	15	0
606	15	0
156	15	0
607	15	0
157	15	0
158	15	0
608	15	0
159	15	0
160	15	0
161	15	0
162	15	0
163	15	0
609	15	0
164	15	0
610	15	0
165	15	0
166	15	0
167	15	0
168	15	0
611	15	0
169	15	0
612	15	0
170	15	0
613	15	0
171	15	0
614	15	0
172	15	0
173	15	0
174	15	0
615	15	0
175	15	0
616	15	0
176	15	0
177	15	0
178	15	0
617	15	0
179	15	0
618	15	0
180	15	0
181	15	0
619	15	0
182	15	0
620	15	0
183	15	0
184	15	0
185	15	0
621	15	0
186	15	0
187	15	0
188	15	0
189	15	0
190	15	0
191	15	0
622	15	0
192	15	0
193	15	0
623	15	0
194	15	0
624	15	0
195	15	0
625	15	0
196	15	0
626	15	0
197	15	0
627	15	0
198	15	0
628	15	0
199	15	0
629	15	0
200	15	0
630	15	0
201	15	0
631	15	0
202	15	0
632	15	0
203	15	0
204	15	0
205	15	0
633	15	0
206	15	0
207	15	0
208	15	0
634	15	0
209	15	0
635	15	0
210	15	0
636	15	0
211	15	0
637	15	0
212	15	0
638	15	0
213	15	0
639	15	0
214	15	0
640	15	0
215	15	0
641	15	0
216	15	0
642	15	0
217	15	0
218	15	0
643	15	0
219	15	0
644	15	0
220	15	0
221	15	0
645	15	0
222	15	0
646	15	0
223	15	0
647	15	0
224	15	0
648	15	0
225	15	0
649	15	0
226	15	0
227	15	0
650	15	0
228	15	0
229	15	0
651	15	0
230	15	0
231	15	0
652	15	0
232	15	0
653	15	0
233	15	0
654	15	0
234	15	0
235	15	0
655	15	0
236	15	0
656	15	0
237	15	0
238	15	0
239	15	0
240	15	0
657	15	0
241	15	0
242	15	0
243	15	0
244	15	0
245	15	0
658	15	0
246	15	0
247	15	0
248	15	0
659	15	0
249	15	0
660	15	0
250	15	0
661	15	0
251	15	0
252	15	0
662	15	0
253	15	0
254	15	0
255	15	0
663	15	0
256	15	0
257	15	0
258	15	0
664	15	0
259	15	0
260	15	0
261	15	0
262	15	0
665	15	0
263	15	0
264	15	0
265	15	0
266	15	0
267	15	0
268	15	0
666	15	0
269	15	0
667	15	0
270	15	0
271	15	0
272	15	0
668	15	0
273	15	0
669	15	0
274	15	0
275	15	0
276	15	0
670	15	0
277	15	0
278	15	0
279	15	0
280	15	0
671	15	0
281	15	0
282	15	0
672	15	0
283	15	0
284	15	0
285	15	0
286	15	0
673	15	0
287	15	0
288	15	0
289	15	0
674	15	0
290	15	0
291	15	0
675	15	0
292	15	0
293	15	0
676	15	0
294	15	0
677	15	0
295	15	0
678	15	0
296	15	0
297	15	0
298	15	0
299	15	0
679	15	0
300	15	0
680	15	0
301	15	0
302	15	0
303	15	0
304	15	0
305	15	0
306	15	0
681	15	0
307	15	0
308	15	0
309	15	0
682	15	0
310	15	0
311	15	0
683	15	0
312	15	0
684	15	0
313	15	0
314	15	0
315	15	0
685	15	0
316	15	0
317	15	0
686	15	0
318	15	0
687	15	0
319	15	0
320	15	0
321	15	0
322	15	0
323	15	0
688	15	0
324	15	0
325	15	0
326	15	0
689	15	0
327	15	0
690	15	0
328	15	0
329	15	0
330	15	0
691	15	0
331	15	0
332	15	0
333	15	0
334	15	0
335	15	0
336	15	0
692	15	0
337	15	0
338	15	0
339	15	0
340	15	0
693	15	0
341	15	0
694	15	0
342	15	0
343	15	0
695	15	0
344	15	0
696	15	0
345	15	0
697	15	0
346	15	0
347	15	0
698	15	0
348	15	0
699	15	0
349	15	0
700	15	0
350	15	0
351	15	0
701	15	0
352	15	0
353	15	0
354	15	0
702	15	0
355	15	0
356	15	0
703	15	0
357	15	0
358	15	0
359	15	0
704	15	0
360	15	0
361	15	0
705	15	0
362	15	0
706	15	0
363	15	0
364	15	0
365	15	0
707	15	0
366	15	0
367	15	0
368	15	0
708	15	0
369	15	0
709	15	0
370	15	0
710	15	0
371	15	0
372	15	0
373	15	0
374	15	0
711	15	0
375	15	0
376	15	0
377	15	0
712	15	0
378	15	0
379	15	0
713	15	0
380	15	0
714	15	0
381	15	0
715	15	0
382	15	0
383	15	0
384	15	0
385	15	0
716	15	0
386	15	0
387	15	0
388	15	0
389	15	0
717	15	0
390	15	0
391	15	0
718	15	0
392	15	0
393	15	0
394	15	0
719	15	0
395	15	0
396	15	0
720	15	0
397	15	0
398	15	0
721	15	0
399	15	0
400	15	0
722	15	0
401	15	0
402	15	0
403	15	0
404	15	0
405	15	0
723	15	0
406	15	0
407	15	0
724	15	0
408	15	0
409	15	0
410	15	0
411	15	0
725	15	0
412	15	0
413	15	0
414	15	0
415	15	0
726	15	0
416	15	0
417	15	0
418	15	0
727	15	0
419	15	0
420	15	0
421	15	0
422	15	0
728	15	0
423	15	0
424	15	0
425	15	0
426	15	0
427	15	0
729	15	0
428	15	0
429	15	0
730	15	0
430	15	0
431	15	0
432	15	0
433	15	0
434	15	0
435	15	0
436	15	0
437	15	0
438	15	0
439	15	0
440	15	0
441	15	0
442	15	0
731	15	0
443	15	0
444	15	0
445	15	0
446	15	0
447	15	0
732	15	0
448	15	0
449	15	0
450	15	0
451	15	0
452	15	0
733	15	0
453	15	0
454	15	0
455	15	0
734	15	0
456	15	0
457	15	0
458	15	0
459	15	0
735	15	0
460	15	0
736	15	0
461	15	0
462	15	0
737	15	0
463	15	0
738	15	0
464	15	0
739	15	0
465	15	0
466	15	0
467	15	0
468	15	0
469	15	0
740	15	0
470	15	0
471	15	0
741	15	0
472	15	0
742	15	0
473	15	0
743	15	0
474	15	0
475	15	0
476	15	0
477	15	0
744	15	0
478	15	0
745	15	0
479	15	0
746	15	0
480	15	0
747	15	0
481	15	0
482	15	0
748	15	0
483	15	0
749	15	0
484	15	0
485	15	0
750	15	0
486	15	0
487	15	0
488	15	0
751	15	0
489	15	0
752	15	0
490	15	0
491	15	0
753	15	0
492	15	0
493	15	0
494	15	0
495	15	0
754	15	0
496	15	0
755	15	0
497	15	0
498	15	0
756	15	0
499	15	0
500	15	0
757	15	0
501	15	0
502	15	0
758	15	0
503	15	0
759	15	0
504	15	0
505	15	0
760	15	0
506	15	0
761	15	0
507	15	0
508	15	0
509	15	0
762	15	0
510	15	0
763	15	0
511	15	0
512	15	0
513	15	0
764	15	0
514	15	0
765	15	0
515	15	0
766	15	0
516	15	0
767	15	0
517	15	0
518	15	0
768	15	0
519	15	0
769	15	0
520	15	0
770	15	0
521	15	0
771	15	0
522	15	0
772	15	0
523	15	0
773	15	0
524	15	0
525	15	0
774	15	0
526	15	0
527	15	0
775	15	0
528	15	0
776	15	0
529	15	0
777	15	0
530	15	0
778	15	0
531	15	0
779	15	0
532	15	0
780	15	0
533	15	0
534	15	0
781	15	0
535	15	0
782	15	0
783	15	0
784	15	0
785	15	0
786	15	0
787	15	0
788	15	0
789	15	0
790	15	0
791	15	0
792	15	0
793	15	0
794	15	0
795	15	0
796	15	0
797	15	0
798	15	0
799	15	0
800	15	0
801	15	0
802	15	0
1	16	0
2	16	0
536	16	0
3	16	0
537	16	0
4	16	0
538	16	0
5	16	0
6	16	0
539	16	0
7	16	0
8	16	0
9	16	0
10	16	0
11	16	0
540	16	0
12	16	0
13	16	0
14	16	0
541	16	0
15	16	0
16	16	0
542	16	0
17	16	0
543	16	0
18	16	0
19	16	0
544	16	0
20	16	0
21	16	0
545	16	0
22	16	0
23	16	0
24	16	0
25	16	0
26	16	0
546	16	0
27	16	0
547	16	0
28	16	0
29	16	0
30	16	0
548	16	0
31	16	0
549	16	0
32	16	0
550	16	0
33	16	0
34	16	0
551	16	0
35	16	0
36	16	0
37	16	0
38	16	0
552	16	0
39	16	0
553	16	0
40	16	0
554	16	0
41	16	0
42	16	0
43	16	0
555	16	0
44	16	0
45	16	0
46	16	0
556	16	0
47	16	0
557	16	0
48	16	0
49	16	0
558	16	0
50	16	0
559	16	0
51	16	0
52	16	0
560	16	0
53	16	0
561	16	0
54	16	0
562	16	0
55	16	0
563	16	0
56	16	0
57	16	0
564	16	0
58	16	0
565	16	0
59	16	0
60	16	0
566	16	0
61	16	0
567	16	0
62	16	0
568	16	0
63	16	0
569	16	0
64	16	0
65	16	0
570	16	0
66	16	0
67	16	0
571	16	0
68	16	0
69	16	0
70	16	0
572	16	0
71	16	0
573	16	0
72	16	0
73	16	0
74	16	0
574	16	0
75	16	0
575	16	0
76	16	0
77	16	0
78	16	0
576	16	0
79	16	0
80	16	0
577	16	0
81	16	0
578	16	0
82	16	0
83	16	0
579	16	0
84	16	0
85	16	0
86	16	0
87	16	0
88	16	0
580	16	0
89	16	0
581	16	0
90	16	0
582	16	0
91	16	0
583	16	0
92	16	0
584	16	0
93	16	0
94	16	0
95	16	0
96	16	0
97	16	0
585	16	0
98	16	0
99	16	0
586	16	0
100	16	0
101	16	0
102	16	0
587	16	0
103	16	0
104	16	0
105	16	0
106	16	0
588	16	0
107	16	0
108	16	0
589	16	0
109	16	0
110	16	0
590	16	0
111	16	0
591	16	0
112	16	0
113	16	0
114	16	0
592	16	0
115	16	0
116	16	0
593	16	0
117	16	0
118	16	0
119	16	0
594	16	0
120	16	0
121	16	0
595	16	0
122	16	0
596	16	0
123	16	0
124	16	0
125	16	0
126	16	0
127	16	0
128	16	0
597	16	0
129	16	0
598	16	0
130	16	0
599	16	0
131	16	0
600	16	0
132	16	0
133	16	0
601	16	0
134	16	0
135	16	0
136	16	0
137	16	0
138	16	0
139	16	0
602	16	0
140	16	0
603	16	0
141	16	0
142	16	0
604	16	0
143	16	0
144	16	0
145	16	0
146	16	0
147	16	0
148	16	0
149	16	0
605	16	0
150	16	0
151	16	0
152	16	0
153	16	0
154	16	0
155	16	0
606	16	0
156	16	0
607	16	0
157	16	0
158	16	0
608	16	0
159	16	0
160	16	0
161	16	0
162	16	0
163	16	0
609	16	0
164	16	0
610	16	0
165	16	0
166	16	0
167	16	0
168	16	0
611	16	0
169	16	0
612	16	0
170	16	0
613	16	0
171	16	0
614	16	0
172	16	0
173	16	0
174	16	0
615	16	0
175	16	0
616	16	0
176	16	0
177	16	0
178	16	0
617	16	0
179	16	0
618	16	0
180	16	0
181	16	0
619	16	0
182	16	0
620	16	0
183	16	0
184	16	0
185	16	0
621	16	0
186	16	0
187	16	0
188	16	0
189	16	0
190	16	0
191	16	0
622	16	0
192	16	0
193	16	0
623	16	0
194	16	0
624	16	0
195	16	0
625	16	0
196	16	0
626	16	0
197	16	0
627	16	0
198	16	0
628	16	0
199	16	0
629	16	0
200	16	0
630	16	0
201	16	0
631	16	0
202	16	0
632	16	0
203	16	0
204	16	0
205	16	0
633	16	0
206	16	0
207	16	0
208	16	0
634	16	0
209	16	0
635	16	0
210	16	0
636	16	0
211	16	0
637	16	0
212	16	0
638	16	0
213	16	0
639	16	0
214	16	0
640	16	0
215	16	0
641	16	0
216	16	0
642	16	0
217	16	0
218	16	0
643	16	0
219	16	0
644	16	0
220	16	0
221	16	0
645	16	0
222	16	0
646	16	0
223	16	0
647	16	0
224	16	0
648	16	0
225	16	0
649	16	0
226	16	0
227	16	0
650	16	0
228	16	0
229	16	0
651	16	0
230	16	0
231	16	0
652	16	0
232	16	0
653	16	0
233	16	0
654	16	0
234	16	0
235	16	0
655	16	0
236	16	0
656	16	0
237	16	0
238	16	0
239	16	0
240	16	0
657	16	0
241	16	0
242	16	0
243	16	0
244	16	0
245	16	0
658	16	0
246	16	0
247	16	0
248	16	0
659	16	0
249	16	0
660	16	0
250	16	0
661	16	0
251	16	0
252	16	0
662	16	0
253	16	0
254	16	0
255	16	0
663	16	0
256	16	0
257	16	0
258	16	0
664	16	0
259	16	0
260	16	0
261	16	0
262	16	0
665	16	0
263	16	0
264	16	0
265	16	0
266	16	0
267	16	0
268	16	0
666	16	0
269	16	0
667	16	0
270	16	0
271	16	0
272	16	0
668	16	0
273	16	0
669	16	0
274	16	0
275	16	0
276	16	0
670	16	0
277	16	0
278	16	0
279	16	0
280	16	0
671	16	0
281	16	0
282	16	0
672	16	0
283	16	0
284	16	0
285	16	0
286	16	0
673	16	0
287	16	0
288	16	0
289	16	0
674	16	0
290	16	0
291	16	0
675	16	0
292	16	0
293	16	0
676	16	0
294	16	0
677	16	0
295	16	0
678	16	0
296	16	0
297	16	0
298	16	0
299	16	0
679	16	0
300	16	0
680	16	0
301	16	0
302	16	0
303	16	0
304	16	0
305	16	0
306	16	0
681	16	0
307	16	0
308	16	0
309	16	0
682	16	0
310	16	0
311	16	0
683	16	0
312	16	0
684	16	0
313	16	0
314	16	0
315	16	0
685	16	0
316	16	0
317	16	0
686	16	0
318	16	0
687	16	0
319	16	0
320	16	0
321	16	0
322	16	0
323	16	0
688	16	0
324	16	0
325	16	0
326	16	0
689	16	0
327	16	0
690	16	0
328	16	0
329	16	0
330	16	0
691	16	0
331	16	0
332	16	0
333	16	0
334	16	0
335	16	0
336	16	0
692	16	0
337	16	0
338	16	0
339	16	0
340	16	0
693	16	0
341	16	0
694	16	0
342	16	0
343	16	0
695	16	0
344	16	0
696	16	0
345	16	0
697	16	0
346	16	0
347	16	0
698	16	0
348	16	0
699	16	0
349	16	0
700	16	0
350	16	0
351	16	0
701	16	0
352	16	0
353	16	0
354	16	0
702	16	0
355	16	0
356	16	0
703	16	0
357	16	0
358	16	0
359	16	0
704	16	0
360	16	0
361	16	0
705	16	0
362	16	0
706	16	0
363	16	0
364	16	0
365	16	0
707	16	0
366	16	0
367	16	0
368	16	0
708	16	0
369	16	0
709	16	0
370	16	0
710	16	0
371	16	0
372	16	0
373	16	0
374	16	0
711	16	0
375	16	0
376	16	0
377	16	0
712	16	0
378	16	0
379	16	0
713	16	0
380	16	0
714	16	0
381	16	0
715	16	0
382	16	0
383	16	0
384	16	0
385	16	0
716	16	0
386	16	0
387	16	0
388	16	0
389	16	0
717	16	0
390	16	0
391	16	0
718	16	0
392	16	0
393	16	0
394	16	0
719	16	0
395	16	0
396	16	0
720	16	0
397	16	0
398	16	0
721	16	0
399	16	0
400	16	0
722	16	0
401	16	0
402	16	0
403	16	0
404	16	0
405	16	0
723	16	0
406	16	0
407	16	0
724	16	0
408	16	0
409	16	0
410	16	0
411	16	0
725	16	0
412	16	0
413	16	0
414	16	0
415	16	0
726	16	0
416	16	0
417	16	0
418	16	0
727	16	0
419	16	0
420	16	0
421	16	0
422	16	0
728	16	0
423	16	0
424	16	0
425	16	0
426	16	0
427	16	0
729	16	0
428	16	0
429	16	0
730	16	0
430	16	0
431	16	0
432	16	0
433	16	0
434	16	0
435	16	0
436	16	0
437	16	0
438	16	0
439	16	0
440	16	0
441	16	0
442	16	0
731	16	0
443	16	0
444	16	0
445	16	0
446	16	0
447	16	0
732	16	0
448	16	0
449	16	0
450	16	0
451	16	0
452	16	0
733	16	0
453	16	0
454	16	0
455	16	0
734	16	0
456	16	0
457	16	0
458	16	0
459	16	0
735	16	0
460	16	0
736	16	0
461	16	0
462	16	0
737	16	0
463	16	0
738	16	0
464	16	0
739	16	0
465	16	0
466	16	0
467	16	0
468	16	0
469	16	0
740	16	0
470	16	0
471	16	0
741	16	0
472	16	0
742	16	0
473	16	0
743	16	0
474	16	0
475	16	0
476	16	0
477	16	0
744	16	0
478	16	0
745	16	0
479	16	0
746	16	0
480	16	0
747	16	0
481	16	0
482	16	0
748	16	0
483	16	0
749	16	0
484	16	0
485	16	0
750	16	0
486	16	0
487	16	0
488	16	0
751	16	0
489	16	0
752	16	0
490	16	0
491	16	0
753	16	0
492	16	0
493	16	0
494	16	0
495	16	0
754	16	0
496	16	0
755	16	0
497	16	0
498	16	0
756	16	0
499	16	0
500	16	0
757	16	0
501	16	0
502	16	0
758	16	0
503	16	0
759	16	0
504	16	0
505	16	0
760	16	0
506	16	0
761	16	0
507	16	0
508	16	0
509	16	0
762	16	0
510	16	0
763	16	0
511	16	0
512	16	0
513	16	0
764	16	0
514	16	0
765	16	0
515	16	0
766	16	0
516	16	0
767	16	0
517	16	0
518	16	0
768	16	0
519	16	0
769	16	0
520	16	0
770	16	0
521	16	0
771	16	0
522	16	0
772	16	0
523	16	0
773	16	0
524	16	0
525	16	0
774	16	0
526	16	0
527	16	0
775	16	0
528	16	0
776	16	0
529	16	0
777	16	0
530	16	0
778	16	0
531	16	0
779	16	0
532	16	0
780	16	0
533	16	0
534	16	0
781	16	0
535	16	0
782	16	0
783	16	0
784	16	0
785	16	0
786	16	0
787	16	0
788	16	0
789	16	0
790	16	0
791	16	0
792	16	0
793	16	0
794	16	0
795	16	0
796	16	0
797	16	0
798	16	0
799	16	0
800	16	0
801	16	0
802	16	0
1	17	0
2	17	0
536	17	0
3	17	0
537	17	0
4	17	0
538	17	0
5	17	0
6	17	0
539	17	0
7	17	0
8	17	0
9	17	0
10	17	0
11	17	0
540	17	0
12	17	0
13	17	0
14	17	0
541	17	0
15	17	0
16	17	0
542	17	0
17	17	0
543	17	0
18	17	0
19	17	0
544	17	0
20	17	0
21	17	0
545	17	0
22	17	0
23	17	0
24	17	0
25	17	0
26	17	0
546	17	0
27	17	0
547	17	0
28	17	0
29	17	0
30	17	0
548	17	0
31	17	0
549	17	0
32	17	0
550	17	0
33	17	0
34	17	0
551	17	0
35	17	0
36	17	0
37	17	0
38	17	0
552	17	0
39	17	0
553	17	0
40	17	0
554	17	0
41	17	0
42	17	0
43	17	0
555	17	0
44	17	0
45	17	0
46	17	0
556	17	0
47	17	0
557	17	0
48	17	0
49	17	0
558	17	0
50	17	0
559	17	0
51	17	0
52	17	0
560	17	0
53	17	0
561	17	0
54	17	0
562	17	0
55	17	0
563	17	0
56	17	0
57	17	0
564	17	0
58	17	0
565	17	0
59	17	0
60	17	0
566	17	0
61	17	0
567	17	0
62	17	0
568	17	0
63	17	0
569	17	0
64	17	0
65	17	0
570	17	0
66	17	0
67	17	0
571	17	0
68	17	0
69	17	0
70	17	0
572	17	0
71	17	0
573	17	0
72	17	0
73	17	0
74	17	0
574	17	0
75	17	0
575	17	0
76	17	0
77	17	0
78	17	0
576	17	0
79	17	0
80	17	0
577	17	0
81	17	0
578	17	0
82	17	0
83	17	0
579	17	0
84	17	0
85	17	0
86	17	0
87	17	0
88	17	0
580	17	0
89	17	0
581	17	0
90	17	0
582	17	0
91	17	0
583	17	0
92	17	0
584	17	0
93	17	0
94	17	0
95	17	0
96	17	0
97	17	0
585	17	0
98	17	0
99	17	0
586	17	0
100	17	0
101	17	0
102	17	0
587	17	0
103	17	0
104	17	0
105	17	0
106	17	0
588	17	0
107	17	0
108	17	0
589	17	0
109	17	0
110	17	0
590	17	0
111	17	0
591	17	0
112	17	0
113	17	0
114	17	0
592	17	0
115	17	0
116	17	0
593	17	0
117	17	0
118	17	0
119	17	0
594	17	0
120	17	0
121	17	0
595	17	0
122	17	0
596	17	0
123	17	0
124	17	0
125	17	0
126	17	0
127	17	0
128	17	0
597	17	0
129	17	0
598	17	0
130	17	0
599	17	0
131	17	0
600	17	0
132	17	0
133	17	0
601	17	0
134	17	0
135	17	0
136	17	0
137	17	0
138	17	0
139	17	0
602	17	0
140	17	0
603	17	0
141	17	0
142	17	0
604	17	0
143	17	0
144	17	0
145	17	0
146	17	0
147	17	0
148	17	0
149	17	0
605	17	0
150	17	0
151	17	0
152	17	0
153	17	0
154	17	0
155	17	0
606	17	0
156	17	0
607	17	0
157	17	0
158	17	0
608	17	0
159	17	0
160	17	0
161	17	0
162	17	0
163	17	0
609	17	0
164	17	0
610	17	0
165	17	0
166	17	0
167	17	0
168	17	0
611	17	0
169	17	0
612	17	0
170	17	0
613	17	0
171	17	0
614	17	0
172	17	0
173	17	0
174	17	0
615	17	0
175	17	0
616	17	0
176	17	0
177	17	0
178	17	0
617	17	0
179	17	0
618	17	0
180	17	0
181	17	0
619	17	0
182	17	0
620	17	0
183	17	0
184	17	0
185	17	0
621	17	0
186	17	0
187	17	0
188	17	0
189	17	0
190	17	0
191	17	0
622	17	0
192	17	0
193	17	0
623	17	0
194	17	0
624	17	0
195	17	0
625	17	0
196	17	0
626	17	0
197	17	0
627	17	0
198	17	0
628	17	0
199	17	0
629	17	0
200	17	0
630	17	0
201	17	0
631	17	0
202	17	0
632	17	0
203	17	0
204	17	0
205	17	0
633	17	0
206	17	0
207	17	0
208	17	0
634	17	0
209	17	0
635	17	0
210	17	0
636	17	0
211	17	0
637	17	0
212	17	0
638	17	0
213	17	0
639	17	0
214	17	0
640	17	0
215	17	0
641	17	0
216	17	0
642	17	0
217	17	0
218	17	0
643	17	0
219	17	0
644	17	0
220	17	0
221	17	0
645	17	0
222	17	0
646	17	0
223	17	0
647	17	0
224	17	0
648	17	0
225	17	0
649	17	0
226	17	0
227	17	0
650	17	0
228	17	0
229	17	0
651	17	0
230	17	0
231	17	0
652	17	0
232	17	0
653	17	0
233	17	0
654	17	0
234	17	0
235	17	0
655	17	0
236	17	0
656	17	0
237	17	0
238	17	0
239	17	0
240	17	0
657	17	0
241	17	0
242	17	0
243	17	0
244	17	0
245	17	0
658	17	0
246	17	0
247	17	0
248	17	0
659	17	0
249	17	0
660	17	0
250	17	0
661	17	0
251	17	0
252	17	0
662	17	0
253	17	0
254	17	0
255	17	0
663	17	0
256	17	0
257	17	0
258	17	0
664	17	0
259	17	0
260	17	0
261	17	0
262	17	0
665	17	0
263	17	0
264	17	0
265	17	0
266	17	0
267	17	0
268	17	0
666	17	0
269	17	0
667	17	0
270	17	0
271	17	0
272	17	0
668	17	0
273	17	0
669	17	0
274	17	0
275	17	0
276	17	0
670	17	0
277	17	0
278	17	0
279	17	0
280	17	0
671	17	0
281	17	0
282	17	0
672	17	0
283	17	0
284	17	0
285	17	0
286	17	0
673	17	0
287	17	0
288	17	0
289	17	0
674	17	0
290	17	0
291	17	0
675	17	0
292	17	0
293	17	0
676	17	0
294	17	0
677	17	0
295	17	0
678	17	0
296	17	0
297	17	0
298	17	0
299	17	0
679	17	0
300	17	0
680	17	0
301	17	0
302	17	0
303	17	0
304	17	0
305	17	0
306	17	0
681	17	0
307	17	0
308	17	0
309	17	0
682	17	0
310	17	0
311	17	0
683	17	0
312	17	0
684	17	0
313	17	0
314	17	0
315	17	0
685	17	0
316	17	0
317	17	0
686	17	0
318	17	0
687	17	0
319	17	0
320	17	0
321	17	0
322	17	0
323	17	0
688	17	0
324	17	0
325	17	0
326	17	0
689	17	0
327	17	0
690	17	0
328	17	0
329	17	0
330	17	0
691	17	0
331	17	0
332	17	0
333	17	0
334	17	0
335	17	0
336	17	0
692	17	0
337	17	0
338	17	0
339	17	0
340	17	0
693	17	0
341	17	0
694	17	0
342	17	0
343	17	0
695	17	0
344	17	0
696	17	0
345	17	0
697	17	0
346	17	0
347	17	0
698	17	0
348	17	0
699	17	0
349	17	0
700	17	0
350	17	0
351	17	0
701	17	0
352	17	0
353	17	0
354	17	0
702	17	0
355	17	0
356	17	0
703	17	0
357	17	0
358	17	0
359	17	0
704	17	0
360	17	0
361	17	0
705	17	0
362	17	0
706	17	0
363	17	0
364	17	0
365	17	0
707	17	0
366	17	0
367	17	0
368	17	0
708	17	0
369	17	0
709	17	0
370	17	0
710	17	0
371	17	0
372	17	0
373	17	0
374	17	0
711	17	0
375	17	0
376	17	0
377	17	0
712	17	0
378	17	0
379	17	0
713	17	0
380	17	0
714	17	0
381	17	0
715	17	0
382	17	0
383	17	0
384	17	0
385	17	0
716	17	0
386	17	0
387	17	0
388	17	0
389	17	0
717	17	0
390	17	0
391	17	0
718	17	0
392	17	0
393	17	0
394	17	0
719	17	0
395	17	0
396	17	0
720	17	0
397	17	0
398	17	0
721	17	0
399	17	0
400	17	0
722	17	0
401	17	0
402	17	0
403	17	0
404	17	0
405	17	0
723	17	0
406	17	0
407	17	0
724	17	0
408	17	0
409	17	0
410	17	0
411	17	0
725	17	0
412	17	0
413	17	0
414	17	0
415	17	0
726	17	0
416	17	0
417	17	0
418	17	0
727	17	0
419	17	0
420	17	0
421	17	0
422	17	0
728	17	0
423	17	0
424	17	0
425	17	0
426	17	0
427	17	0
729	17	0
428	17	0
429	17	0
730	17	0
430	17	0
431	17	0
432	17	0
433	17	0
434	17	0
435	17	0
436	17	0
437	17	0
438	17	0
439	17	0
440	17	0
441	17	0
442	17	0
731	17	0
443	17	0
444	17	0
445	17	0
446	17	0
447	17	0
732	17	0
448	17	0
449	17	0
450	17	0
451	17	0
452	17	0
733	17	0
453	17	0
454	17	0
455	17	0
734	17	0
456	17	0
457	17	0
458	17	0
459	17	0
735	17	0
460	17	0
736	17	0
461	17	0
462	17	0
737	17	0
463	17	0
738	17	0
464	17	0
739	17	0
465	17	0
466	17	0
467	17	0
468	17	0
469	17	0
740	17	0
470	17	0
471	17	0
741	17	0
472	17	0
742	17	0
473	17	0
743	17	0
474	17	0
475	17	0
476	17	0
477	17	0
744	17	0
478	17	0
745	17	0
479	17	0
746	17	0
480	17	0
747	17	0
481	17	0
482	17	0
748	17	0
483	17	0
749	17	0
484	17	0
485	17	0
750	17	0
486	17	0
487	17	0
488	17	0
751	17	0
489	17	0
752	17	0
490	17	0
491	17	0
753	17	0
492	17	0
493	17	0
494	17	0
495	17	0
754	17	0
496	17	0
755	17	0
497	17	0
498	17	0
756	17	0
499	17	0
500	17	0
757	17	0
501	17	0
502	17	0
758	17	0
503	17	0
759	17	0
504	17	0
505	17	0
760	17	0
506	17	0
761	17	0
507	17	0
508	17	0
509	17	0
762	17	0
510	17	0
763	17	0
511	17	0
512	17	0
513	17	0
764	17	0
514	17	0
765	17	0
515	17	0
766	17	0
516	17	0
767	17	0
517	17	0
518	17	0
768	17	0
519	17	0
769	17	0
520	17	0
770	17	0
521	17	0
771	17	0
522	17	0
772	17	0
523	17	0
773	17	0
524	17	0
525	17	0
774	17	0
526	17	0
527	17	0
775	17	0
528	17	0
776	17	0
529	17	0
777	17	0
530	17	0
778	17	0
531	17	0
779	17	0
532	17	0
780	17	0
533	17	0
534	17	0
781	17	0
535	17	0
782	17	0
783	17	0
784	17	0
785	17	0
786	17	0
787	17	0
788	17	0
789	17	0
790	17	0
791	17	0
792	17	0
793	17	0
794	17	0
795	17	0
796	17	0
797	17	0
798	17	0
799	17	0
800	17	0
801	17	0
802	17	0
