1	1
1	2
1	3
1	4
1	5
1	6
1	7
1	8
1	9
1	10
1	11
1	12
1	13
1	14
1	15
1	16
1	17
1	18
1	19
1	20
1	21
1	22
1	23
1	24
1	25
1	26
1	27
1	28
1	29
1	30
1	31
1	32
1	33
1	34
1	35
1	36
1	37
1	38
1	39
1	40
1	41
1	42
1	43
1	44
1	45
1	46
1	47
1	48
1	49
1	50
1	51
1	52
1	53
1	54
1	55
1	56
1	57
1	58
1	59
1	60
1	61
1	62
1	63
1	64
1	65
1	66
1	67
1	68
1	69
1	70
1	71
1	72
1	73
1	74
1	75
1	76
1	77
1	78
1	79
1	80
1	81
1	82
1	83
1	84
1	85
1	86
1	87
1	88
1	89
1	90
1	91
1	92
1	93
1	94
1	95
1	96
1	97
1	98
1	99
1	100
1	101
1	102
1	103
1	104
1	105
1	106
1	107
1	108
1	109
1	110
1	111
1	112
1	113
1	114
1	115
1	116
1	117
1	118
1	119
1	120
1	121
1	122
1	123
1	124
1	125
1	126
1	127
1	128
1	129
1	130
1	131
1	132
1	133
1	134
1	135
1	136
1	137
1	138
1	139
1	140
1	141
1	142
1	143
1	144
1	145
1	146
1	147
1	148
1	149
1	150
1	151
1	152
1	153
1	154
1	155
1	156
1	157
1	158
1	159
1	160
1	161
1	162
1	163
1	164
1	165
1	166
1	167
1	168
1	169
1	170
1	171
1	172
1	173
1	174
1	175
1	176
1	177
1	178
1	179
1	180
1	181
1	182
1	183
1	184
1	185
1	186
1	187
1	188
1	189
1	190
1	191
1	192
1	193
1	194
1	195
1	196
1	197
1	198
1	199
1	200
1	201
1	202
1	203
1	204
1	205
1	206
1	207
1	208
1	209
1	210
1	211
1	212
1	213
1	214
1	215
1	216
1	217
1	218
1	219
1	220
1	221
1	222
1	223
1	224
1	225
1	226
1	227
1	228
1	229
1	230
1	231
1	232
1	233
1	234
1	235
1	236
1	237
1	238
1	239
1	240
1	241
1	242
1	243
1	244
1	245
1	246
1	247
1	248
1	249
1	250
1	251
1	252
1	253
1	254
1	255
1	256
1	257
1	258
1	259
1	260
1	261
1	262
1	263
1	264
1	265
1	266
1	267
1	268
1	269
1	270
1	271
1	272
1	273
1	274
1	275
1	276
1	277
1	278
1	279
1	280
1	281
1	282
1	283
1	284
1	285
1	286
1	287
1	288
1	289
1	290
1	291
1	292
1	293
1	294
1	295
1	296
1	297
1	298
1	299
1	300
1	301
1	302
1	303
1	304
1	305
1	306
1	307
1	308
1	309
1	310
1	311
1	312
1	313
1	314
1	315
1	316
1	317
1	318
1	319
1	320
1	321
1	322
1	323
1	324
1	325
1	326
1	327
1	328
1	329
1	330
1	331
1	332
1	333
1	334
1	335
1	336
1	337
1	338
1	339
1	340
1	341
1	342
1	343
1	344
1	345
1	346
1	347
1	348
1	349
1	350
1	351
1	352
1	353
1	354
1	355
1	356
1	357
1	358
1	359
1	360
1	361
1	362
1	363
1	364
1	365
1	366
1	367
1	368
1	369
1	370
1	371
1	372
1	373
1	374
1	375
1	376
1	377
1	378
1	379
1	380
1	381
1	382
1	383
1	384
1	385
1	386
1	387
1	388
1	389
1	390
1	391
1	392
1	393
1	394
1	395
1	396
1	397
1	398
1	399
1	400
1	401
1	402
1	403
1	404
1	405
1	406
1	407
1	408
1	409
1	410
1	411
1	412
1	413
1	414
1	415
1	416
1	417
1	418
1	419
1	420
1	421
1	422
1	423
1	424
1	425
1	426
1	427
1	428
1	429
1	430
1	431
1	432
1	433
1	434
1	435
1	436
1	437
1	438
1	439
1	440
1	441
1	442
1	443
1	444
1	445
1	446
1	447
1	448
1	449
1	450
1	451
1	452
1	453
1	454
1	455
1	456
1	457
1	458
1	459
1	460
1	461
1	462
1	463
1	464
1	465
1	466
1	467
1	468
1	469
1	470
1	471
1	472
1	473
1	474
1	475
1	476
1	477
1	478
1	479
1	480
1	481
1	482
1	483
1	484
1	485
1	486
1	487
1	488
1	489
1	490
1	491
1	492
1	493
1	494
1	495
1	496
1	497
1	498
1	499
1	500
1	501
1	502
1	503
1	504
1	505
1	506
1	507
1	508
1	509
1	510
1	511
1	512
1	513
1	514
1	515
1	516
1	517
1	518
1	519
1	520
1	521
1	522
1	523
1	524
1	525
1	526
1	527
1	528
1	529
1	530
1	531
1	532
1	533
1	534
1	535
2	1
2	2
2	3
2	4
2	5
2	6
2	8
2	9
2	10
2	11
2	13
2	14
2	16
2	17
2	18
2	19
2	22
2	23
2	24
2	25
2	26
2	27
2	30
2	31
2	32
2	33
2	34
2	35
2	36
2	37
2	38
2	39
2	40
2	41
2	42
2	43
2	44
2	45
2	46
2	47
2	50
2	51
2	52
2	53
2	54
2	55
2	56
2	57
2	58
2	59
2	60
2	61
2	62
2	63
2	64
2	65
2	71
2	72
2	73
2	74
2	75
2	76
2	77
2	78
2	79
2	80
2	85
2	87
2	88
2	89
2	91
2	92
2	93
2	94
2	95
2	96
2	97
2	98
2	99
2	100
2	101
2	102
2	105
2	106
2	111
2	113
2	114
2	115
2	116
2	119
2	120
2	121
2	122
2	123
2	124
2	125
2	126
2	127
2	128
2	129
2	130
2	131
2	132
2	133
2	135
2	136
2	137
2	138
2	139
2	140
2	141
2	142
2	145
2	146
2	147
2	148
2	149
2	152
2	153
2	154
2	155
2	156
2	157
2	158
2	160
2	162
2	163
2	164
2	166
2	167
2	168
2	169
2	170
2	171
2	172
2	173
2	174
2	175
2	177
2	178
2	179
2	181
2	182
2	183
2	184
2	185
2	186
2	187
2	188
2	189
2	190
2	191
2	192
2	193
2	194
2	195
2	196
2	197
2	198
2	199
2	200
2	201
2	202
2	203
2	204
2	205
2	206
2	207
2	208
2	209
2	210
2	211
2	212
2	213
2	214
2	215
2	216
2	217
2	218
2	219
2	220
2	221
2	222
2	223
2	224
2	225
2	226
2	227
2	228
2	229
2	230
2	231
2	232
2	233
2	234
2	235
2	236
2	237
2	238
2	239
2	240
2	241
2	242
2	243
2	244
2	245
2	246
2	247
2	248
2	249
2	250
2	254
2	255
2	259
2	260
2	261
2	262
2	263
2	264
2	265
2	266
2	267
2	268
2	269
2	271
2	272
2	273
2	274
2	275
2	276
2	277
2	278
2	279
2	280
2	284
2	285
2	286
2	288
2	289
2	294
2	295
2	297
2	298
2	300
2	301
2	302
2	303
2	304
2	305
2	306
2	307
2	308
2	309
2	310
2	311
2	312
2	314
2	315
2	316
2	317
2	318
2	319
2	320
2	321
2	322
2	323
2	324
2	325
2	326
2	327
2	328
2	329
2	330
2	331
2	332
2	333
2	334
2	335
2	336
2	338
2	339
2	340
2	341
2	342
2	343
2	344
2	345
2	346
2	347
2	348
2	349
2	353
2	354
2	355
2	356
2	357
2	358
2	359
2	360
2	361
2	362
2	363
2	364
2	365
2	366
2	367
2	368
2	370
2	372
2	373
2	375
2	376
2	377
2	379
2	380
2	381
2	383
2	384
2	385
2	387
2	388
2	389
2	390
2	391
2	392
2	393
2	394
2	396
2	397
2	398
2	400
2	402
2	404
2	406
2	407
2	412
2	413
2	414
2	415
2	416
2	417
2	418
2	419
2	420
2	421
2	422
2	423
2	424
2	425
2	426
2	427
2	428
2	429
2	430
2	431
2	432
2	433
2	434
2	435
2	436
2	437
2	438
2	439
2	440
2	441
2	442
2	443
2	444
2	445
2	446
2	447
2	448
2	449
2	450
2	451
2	452
2	453
2	454
2	455
2	456
2	457
2	458
2	459
2	460
2	461
2	462
2	463
2	464
2	465
2	466
2	467
2	468
2	469
2	470
2	471
2	472
2	473
2	474
2	475
2	476
2	477
2	478
2	479
2	480
2	481
2	482
2	483
2	484
2	485
2	486
2	487
2	488
2	489
2	490
2	491
2	492
2	494
2	495
2	496
2	497
2	498
2	499
2	500
2	501
2	502
2	503
2	504
2	505
2	506
2	507
2	508
2	509
2	510
2	512
2	513
2	514
2	515
2	516
2	517
2	518
2	519
2	520
2	521
2	522
2	523
2	524
2	525
2	526
2	527
2	528
2	529
2	530
2	531
2	532
2	533
2	534
2	535
205	1
205	2
205	31
205	32
205	33
205	34
205	35
205	36
205	37
205	38
205	39
205	40
205	44
205	45
205	46
205	47
205	50
205	53
205	54
205	56
205	57
205	58
205	61
205	62
205	64
205	65
205	71
205	79
205	80
205	91
205	92
205	112
205	113
205	114
205	115
205	116
205	122
205	129
205	131
205	134
205	135
205	136
205	137
205	138
205	139
205	140
205	141
205	142
205	165
205	166
205	167
205	168
205	194
205	195
205	213
205	214
205	219
205	226
205	227
205	232
205	233
205	234
205	235
205	236
205	237
205	238
205	239
205	240
205	241
205	242
205	243
205	244
205	245
205	246
205	247
205	248
205	249
205	253
205	254
205	255
205	259
205	260
205	261
205	262
205	263
205	264
205	265
205	266
205	267
205	268
205	269
205	273
205	274
205	275
205	276
205	277
205	278
205	279
205	280
205	283
205	284
205	285
205	286
205	287
205	288
205	289
205	300
205	312
205	313
205	314
205	315
205	318
205	337
205	338
205	339
205	340
205	341
205	342
205	343
205	344
205	345
205	348
205	352
205	353
205	354
205	355
205	356
205	357
205	358
205	359
205	360
205	361
205	362
205	363
205	364
205	365
205	366
205	367
205	368
205	369
205	370
205	375
205	376
205	377
205	378
205	379
205	380
205	381
205	382
205	383
205	384
205	385
205	386
205	387
205	388
205	389
205	390
205	391
205	392
205	393
205	394
205	419
205	420
205	421
205	422
205	423
205	424
205	425
205	426
205	427
205	428
205	429
205	430
205	431
205	432
205	433
205	434
205	435
205	436
205	437
205	438
205	439
205	440
205	441
205	442
205	443
205	444
205	445
205	446
205	447
205	448
205	449
205	450
205	451
205	452
205	453
205	454
205	455
205	456
205	457
205	458
205	459
205	460
205	461
205	462
205	463
205	464
205	465
205	466
205	467
205	468
205	469
205	470
205	471
205	472
205	473
205	474
205	475
205	476
205	477
205	478
205	479
205	480
205	481
205	482
205	483
205	484
205	485
205	486
205	487
205	488
205	489
205	490
205	491
205	492
205	493
205	494
205	495
205	496
205	497
205	498
205	499
205	500
205	501
205	502
205	503
205	504
205	505
205	506
205	507
205	508
205	509
205	510
205	511
205	512
205	513
205	514
205	515
205	516
205	517
205	518
205	519
205	520
205	521
205	522
205	523
205	524
205	525
205	526
205	527
205	528
205	529
205	530
205	531
205	532
205	533
205	534
205	535
210	3
210	4
210	5
210	6
210	7
210	8
210	9
210	10
210	11
210	12
210	13
210	14
210	15
210	16
210	17
210	18
210	19
210	20
210	21
210	22
210	23
210	24
210	25
210	26
210	27
210	28
210	29
210	30
210	41
210	42
210	43
210	48
210	49
210	51
210	52
210	55
210	59
210	60
210	63
210	66
210	67
210	68
210	69
210	70
210	72
210	73
210	74
210	75
210	76
210	77
210	78
210	81
210	82
210	83
210	84
210	85
210	86
210	87
210	88
210	89
210	90
210	93
210	94
210	95
210	96
210	97
210	98
210	99
210	100
210	101
210	102
210	103
210	104
210	105
210	106
210	107
210	108
210	109
210	110
210	111
210	117
210	118
210	119
210	120
210	121
210	123
210	124
210	125
210	126
210	127
210	128
210	130
210	132
210	133
210	143
210	144
210	145
210	146
210	147
210	148
210	149
210	150
210	151
210	152
210	153
210	154
210	155
210	156
210	157
210	158
210	159
210	160
210	161
210	162
210	163
210	164
210	169
210	170
210	171
210	172
210	173
210	174
210	175
210	176
210	177
210	178
210	179
210	180
210	181
210	182
210	183
210	184
210	185
210	186
210	187
210	188
210	189
210	190
210	191
210	192
210	193
210	196
210	197
210	198
210	199
210	200
210	201
210	202
210	203
210	204
210	205
210	206
210	207
210	208
210	209
210	210
210	211
210	212
210	215
210	216
210	217
210	218
210	220
210	221
210	222
210	223
210	224
210	225
210	228
210	229
210	230
210	231
210	250
210	251
210	252
210	256
210	257
210	258
210	270
210	271
210	272
210	281
210	282
210	290
210	291
210	292
210	293
210	294
210	295
210	296
210	297
210	298
210	299
210	301
210	302
210	303
210	304
210	305
210	306
210	307
210	308
210	309
210	310
210	311
210	316
210	317
210	319
210	320
210	321
210	322
210	323
210	324
210	325
210	326
210	327
210	328
210	329
210	330
210	331
210	332
210	333
210	334
210	335
210	336
210	346
210	347
210	349
210	350
210	351
210	371
210	372
210	373
210	374
210	395
210	396
210	397
210	398
210	399
210	400
210	401
210	402
210	403
210	404
210	405
210	406
210	407
210	408
210	409
210	410
210	411
210	412
210	413
210	414
210	415
210	416
210	417
210	418
301	398
301	403
301	404
301	407
301	409
302	405
302	410
304	9
304	21
304	29
304	49
304	67
304	70
304	81
304	83
304	86
304	90
304	104
304	108
304	110
304	118
304	161
304	162
310	2
310	3
310	4
310	5
310	6
310	10
310	17
310	18
310	19
310	22
310	23
310	24
310	27
310	30
310	34
310	37
310	38
310	39
310	42
310	46
310	47
310	50
310	52
310	53
310	54
310	55
310	56
310	57
310	58
310	60
310	61
310	62
310	63
310	64
310	65
310	72
310	73
310	74
310	75
310	77
310	78
310	79
310	80
310	89
310	91
310	92
310	95
310	96
310	99
310	100
310	101
310	102
310	105
310	111
310	112
310	113
310	114
310	115
310	116
310	119
310	120
310	121
310	122
310	125
310	126
310	129
310	130
310	131
310	132
310	133
310	136
310	137
310	138
310	140
310	141
310	142
310	147
310	153
310	154
310	156
310	157
310	158
310	164
310	166
310	167
310	169
310	170
310	171
310	175
310	178
310	179
310	182
310	184
310	188
310	189
310	192
310	194
310	195
310	196
310	197
310	198
310	199
310	200
310	201
310	202
310	204
310	207
310	209
310	210
310	211
310	212
310	213
310	214
310	215
310	216
310	217
310	218
310	219
310	220
310	221
310	222
310	223
310	224
310	225
310	226
310	227
310	228
310	229
310	230
310	231
310	232
310	233
310	234
310	235
310	236
310	239
310	240
310	243
310	244
310	247
310	249
310	250
310	254
310	255
310	261
310	262
310	266
310	267
310	268
310	269
310	271
310	273
310	275
310	279
310	280
310	284
310	285
310	288
310	294
310	295
310	297
310	300
310	303
310	304
310	307
310	308
310	310
310	311
310	312
310	314
310	316
310	318
310	320
310	321
310	325
310	327
310	329
310	333
310	334
310	338
310	339
310	341
310	342
310	343
310	344
310	345
310	346
310	348
310	349
310	353
310	355
310	357
310	358
310	359
310	360
310	361
310	362
310	364
310	366
310	367
310	370
310	372
310	376
310	377
310	380
310	381
310	383
310	384
310	388
310	390
310	391
310	393
310	394
310	414
310	417
310	420
310	425
310	436
310	437
310	438
310	439
310	445
310	450
310	451
310	454
310	455
310	458
310	459
310	460
310	461
310	462
310	463
310	464
310	468
310	469
310	471
310	472
310	473
310	476
310	477
310	479
310	480
310	481
310	482
310	483
310	484
310	485
310	486
310	487
310	488
310	489
310	490
310	491
310	493
310	494
310	495
310	496
310	497
310	498
310	499
310	500
310	501
310	502
310	503
310	504
310	505
310	506
310	507
310	508
310	509
310	510
310	511
310	512
310	513
310	514
310	515
310	516
310	517
310	518
310	519
310	520
310	521
310	522
310	523
310	525
310	526
310	527
310	528
310	529
310	530
310	531
310	532
310	533
310	534
310	535
311	11
311	14
311	25
311	26
311	43
311	87
311	88
311	97
311	106
311	127
311	128
311	139
311	148
311	149
311	155
311	163
311	168
311	174
311	185
311	190
311	191
311	193
311	205
311	208
311	245
311	248
311	272
311	276
311	286
311	289
311	298
311	305
311	306
311	309
311	315
311	317
311	322
311	323
311	326
311	330
311	335
311	336
311	340
311	347
311	354
311	356
311	365
311	368
311	373
311	385
311	389
311	396
311	415
311	418
311	421
311	422
311	426
311	427
311	440
311	441
311	442
311	446
311	447
311	452
315	411
316	252
316	257
316	291
316	293
316	299
316	351
316	374
366	258
710	4
710	5
710	6
710	7
710	8
710	9
710	10
710	11
710	12
710	13
710	14
710	17
710	31
710	39
710	48
710	49
710	51
710	52
710	54
710	59
710	60
710	66
710	67
710	71
710	75
710	76
710	77
710	78
710	79
710	80
710	82
710	83
710	89
710	90
710	93
710	94
710	95
710	96
710	97
710	98
710	99
710	100
710	101
710	102
710	112
710	113
710	114
710	117
710	118
710	119
710	132
710	133
710	134
710	135
710	136
710	137
710	138
710	139
710	156
710	157
710	158
710	169
710	176
710	177
710	178
710	179
710	194
710	195
710	196
710	198
710	199
710	200
710	201
710	202
710	206
710	207
710	208
710	209
710	211
710	212
710	215
710	216
710	220
710	221
710	223
710	224
710	226
710	227
710	230
710	231
710	232
710	294
710	295
710	301
710	302
710	303
710	304
710	305
710	306
710	307
710	308
710	309
710	316
710	317
710	319
710	320
710	321
710	322
710	323
710	324
710	325
710	326
710	327
710	328
710	329
710	330
710	331
710	332
710	333
710	334
710	335
710	336
710	346
710	347
710	412
710	413
710	414
710	415
710	416
710	417
710	418
717	3
717	15
717	16
717	18
717	19
717	20
717	21
717	22
717	23
717	24
717	25
717	26
717	27
717	28
717	29
717	30
717	68
717	69
717	70
717	81
717	84
717	85
717	86
717	87
717	88
717	103
717	104
717	105
717	106
717	107
717	108
717	109
717	110
717	120
717	121
717	123
717	124
717	125
717	126
717	127
717	128
717	143
717	144
717	145
717	146
717	147
717	148
717	149
717	150
717	151
717	152
717	153
717	154
717	155
717	159
717	160
717	161
717	162
717	163
717	172
717	173
717	174
717	175
717	180
717	181
717	217
717	218
717	222
717	225
717	228
717	229
717	250
717	310
717	311
717	349
721	213
721	236
721	237
721	238
721	239
721	240
721	259
721	260
721	261
721	262
721	263
721	264
721	265
721	266
721	267
721	268
721	269
721	274
721	275
721	276
721	277
721	278
721	279
721	280
721	312
721	313
721	314
721	315
721	318
721	341
721	342
721	343
721	344
721	345
721	348
721	355
721	356
721	357
721	358
721	359
721	360
721	361
721	362
721	363
721	364
721	365
721	366
721	367
721	368
721	369
721	381
721	386
721	387
721	388
721	389
721	395
721	396
721	448
721	449
721	450
721	451
721	452
721	456
721	457
721	458
721	459
721	460
721	464
721	473
721	478
721	479
721	480
721	481
721	482
721	483
721	486
721	487
721	488
721	496
721	499
721	500
721	501
721	502
721	504
721	505
721	507
721	508
721	509
721	511
721	512
721	513
721	522
721	530
721	531
721	532
721	533
721	534
725	47
725	50
725	53
725	56
725	57
725	58
725	61
725	62
725	64
725	65
725	91
725	92
725	115
725	116
725	122
725	129
725	131
725	140
725	141
725	142
725	164
725	165
725	166
725	167
725	168
725	182
725	183
725	184
725	185
725	186
725	187
725	188
725	189
725	190
725	191
725	192
725	193
725	197
725	203
725	204
725	205
725	210
725	214
725	219
725	233
725	234
725	235
725	241
725	242
725	243
725	244
725	245
725	246
725	247
725	248
725	249
725	251
725	252
725	253
725	254
725	255
725	256
725	257
725	258
725	270
725	271
725	272
725	273
725	281
725	282
725	283
725	284
725	285
725	286
725	287
725	288
725	289
725	290
725	291
725	292
725	293
725	296
725	297
725	298
725	299
725	300
725	337
725	338
725	339
725	340
725	350
725	351
725	352
725	353
725	354
725	370
725	371
725	372
725	373
725	374
725	375
725	376
725	377
725	378
725	379
725	380
725	382
725	383
725	384
725	385
725	390
725	391
725	392
725	393
725	394
725	397
725	398
725	399
725	400
725	401
725	402
725	403
725	404
725	405
725	406
725	407
725	408
725	409
725	410
725	411
725	503
725	506
735	1
735	2
735	32
735	33
735	34
735	35
735	36
735	37
735	38
735	40
735	41
735	42
735	43
735	44
735	45
735	46
735	55
735	63
735	72
735	73
735	74
735	111
735	130
735	170
735	171
735	419
735	420
735	421
735	422
735	423
735	424
735	425
735	426
735	427
735	428
735	429
735	430
735	431
735	432
735	433
735	434
735	435
735	436
735	437
735	438
735	439
735	440
735	441
735	442
735	443
735	444
735	445
735	446
735	447
735	453
735	454
735	455
735	461
735	462
735	463
735	465
735	466
735	467
735	468
735	469
735	470
735	471
735	472
735	474
735	475
735	476
735	477
735	484
735	485
735	489
735	490
735	491
735	492
735	493
735	494
735	495
735	497
735	498
735	510
735	514
735	515
735	516
735	517
735	518
735	519
735	520
735	521
735	523
735	524
735	525
735	526
735	527
735	528
735	529
735	535
1001	1
1001	2
1001	3
1001	4
1001	7
1001	8
1001	9
1001	10
1001	11
1001	12
1001	13
1001	14
1001	15
1001	16
1001	17
1001	27
1001	28
1001	29
1001	30
1001	31
1001	33
1001	34
1001	35
1001	36
1001	37
1001	38
1001	39
1001	40
1001	41
1001	42
1001	43
1001	44
1001	45
1001	46
1001	47
1001	50
1001	51
1001	52
1001	53
1001	54
1001	55
1001	56
1001	57
1001	58
1001	59
1001	60
1001	61
1001	63
1001	72
1001	73
1001	74
1001	75
1001	76
1001	77
1001	78
1001	89
1001	91
1001	92
1001	93
1001	94
1001	95
1001	96
1001	97
1001	98
1001	99
1001	100
1001	101
1001	102
1001	111
1001	175
1001	176
1001	177
1001	178
1002	5
1002	6
1002	18
1002	19
1002	20
1002	21
1002	22
1002	23
1002	24
1002	25
1002	26
1002	48
1002	49
1002	66
1002	67
1002	68
1002	69
1002	70
1002	81
1002	82
1002	83
1002	84
1002	85
1002	86
1002	87
1002	88
1002	90
1002	103
1002	104
1002	105
1002	106
1002	107
1002	108
1002	109
1002	110
1002	117
1002	118
1002	119
1002	120
1002	121
1002	123
1002	124
1002	125
1002	126
1002	127
1002	128
1002	130
1002	132
1002	133
1002	143
1002	144
1002	145
1002	146
1002	147
1002	148
1002	149
1002	150
1002	151
1002	152
1002	153
1002	154
1002	155
1002	157
1002	158
1002	159
1002	160
1002	161
1002	162
1002	163
1002	169
1002	172
1002	173
1002	174
1002	179
1002	180
1002	181
1002	183
1002	184
1002	185
1002	203
1002	204
1002	205
1002	206
1002	207
1002	208
1002	209
1002	210
1002	212
1002	216
1002	217
1002	218
1002	220
1002	221
1002	222
1002	223
1002	224
1002	225
1002	228
1002	229
1002	230
1002	231
1002	250
1002	251
1002	252
1002	270
1002	271
1002	272
1002	290
1002	291
1002	292
1002	293
1002	294
1002	295
1002	301
1002	302
1002	303
1002	304
1002	305
1002	306
1002	307
1002	308
1002	309
1002	310
1002	311
1002	316
1002	317
1002	319
1002	320
1002	321
1002	322
1002	323
1002	324
1002	325
1002	326
1002	327
1002	328
1002	329
1002	330
1002	331
1002	332
1002	333
1002	334
1002	335
1002	336
1002	346
1002	347
1002	349
1002	371
1002	372
1002	373
1002	374
1002	397
1002	398
1002	399
1002	400
1002	401
1002	402
1002	403
1002	404
1002	405
1002	406
1002	407
1002	408
1002	409
1002	410
1002	411
1002	412
1002	413
1002	414
1002	415
1002	416
1002	417
1002	418
1003	134
1003	135
1003	136
1003	137
1003	138
1003	139
1003	165
1003	166
1003	167
1003	168
1003	237
1003	238
1003	239
1003	240
1003	241
1003	242
1003	243
1003	244
1003	245
1003	246
1003	247
1003	248
1003	249
1003	253
1003	254
1003	255
1003	256
1003	257
1003	258
1003	259
1003	260
1003	261
1003	262
1003	263
1003	264
1003	265
1003	266
1003	267
1003	268
1003	274
1003	275
1003	276
1003	277
1003	278
1003	279
1003	280
1003	281
1003	282
1003	283
1003	284
1003	285
1003	286
1003	287
1003	288
1003	289
1003	296
1003	297
1003	298
1003	299
1003	313
1003	314
1003	315
1003	318
1003	337
1003	338
1003	339
1003	340
1003	341
1003	342
1003	343
1003	345
1003	348
1003	350
1003	351
1003	352
1003	353
1003	354
1003	355
1003	356
1003	357
1003	358
1003	359
1003	360
1003	361
1003	362
1003	363
1003	364
1003	365
1003	366
1003	367
1003	368
1003	369
1003	370
1003	375
1003	376
1003	377
1003	378
1003	379
1003	380
1003	381
1003	382
1003	383
1003	384
1003	385
1003	386
1003	387
1003	388
1003	389
1003	390
1003	391
1003	392
1003	393
1003	394
1003	395
1003	396
1003	456
1003	457
1003	458
1003	459
1003	461
1003	462
1003	463
1003	464
1003	470
1003	471
1003	472
1003	473
1003	479
1003	489
1003	499
1003	500
1003	507
1003	508
1003	509
1003	517
1003	518
1003	522
1003	523
1003	528
1003	530
1003	531
1003	532
1003	533
1003	534
1003	535
1004	32
1004	71
1004	344
1004	419
1004	420
1004	421
1004	422
1004	423
1004	424
1004	425
1004	426
1004	427
1004	428
1004	429
1004	430
1004	431
1004	432
1004	433
1004	434
1004	435
1004	436
1004	437
1004	438
1004	439
1004	440
1004	441
1004	442
1004	443
1004	444
1004	445
1004	446
1004	447
1004	448
1004	449
1004	450
1004	451
1004	452
1004	453
1004	454
1004	455
1004	460
1004	465
1004	466
1004	467
1004	468
1004	469
1004	474
1004	475
1004	476
1004	477
1004	478
1004	480
1004	481
1004	482
1004	483
1004	484
1004	485
1004	486
1004	487
1004	488
1004	490
1004	491
1004	492
1004	493
1004	494
1004	495
1004	496
1004	497
1004	498
1004	501
1004	502
1004	503
1004	504
1004	505
1004	506
1004	510
1004	511
1004	512
1004	513
1004	514
1004	515
1004	516
1004	519
1004	520
1004	521
1004	524
1004	525
1004	526
1004	527
1004	529
1005	62
1005	64
1005	65
1005	79
1005	80
1005	112
1005	113
1005	114
1005	115
1005	116
1005	122
1005	129
1005	131
1005	140
1005	141
1005	142
1005	156
1005	164
1005	170
1005	171
1005	182
1005	186
1005	187
1005	188
1005	189
1005	190
1005	191
1005	192
1005	193
1005	194
1005	195
1005	196
1005	197
1005	198
1005	199
1005	200
1005	201
1005	202
1005	211
1005	213
1005	214
1005	215
1005	219
1005	226
1005	227
1005	232
1005	233
1005	234
1005	235
1005	236
1005	269
1005	273
1005	300
1005	312
1201	134
1201	135
1201	137
1201	139
1201	165
1201	167
1201	168
1201	253
1201	283
1201	285
1201	286
1201	287
1201	289
1201	313
1201	314
1201	315
1201	337
1201	339
1201	340
1201	352
1201	369
1201	382
1201	385
1246	7
1246	8
1246	9
1246	10
1246	11
1246	28
1246	29
1246	30
1246	33
1246	34
1246	35
1246	36
1246	37
1246	38
1246	39
1246	41
1246	42
1246	43
1246	44
1246	45
1246	46
1246	47
1246	50
1246	51
1246	52
1246	53
1246	54
1246	56
1246	57
1246	58
1246	59
1246	60
1246	61
1246	62
1246	63
1246	64
1246	65
1246	66
1246	67
1246	72
1246	73
1246	74
1246	76
1246	77
1246	78
1246	79
1246	80
1246	81
1246	82
1246	83
1246	84
1246	85
1246	86
1246	87
1246	88
1246	91
1246	92
1246	100
1246	101
1246	102
1246	103
1246	104
1246	105
1246	106
1246	117
1246	118
1246	119
1246	156
1246	170
1246	171
1246	510
1246	521
1247	183
1247	184
1247	185
1247	186
1247	187
1247	188
1247	189
1247	190
1247	191
1247	192
1247	193
1247	203
1247	204
1247	205
1247	206
1247	207
1247	208
1247	241
1247	242
1247	243
1247	244
1247	245
1247	246
1247	247
1247	248
1247	249
1247	251
1247	252
1247	256
1247	257
1247	258
1247	263
1247	264
1247	265
1247	266
1247	267
1247	268
1247	270
1247	271
1247	272
1247	274
1247	275
1247	276
1247	277
1247	278
1247	279
1247	280
1247	281
1247	282
1247	287
1247	288
1247	289
1247	290
1247	291
1247	292
1247	293
1247	296
1247	297
1247	298
1247	299
1247	313
1247	314
1247	315
1247	319
1247	320
1247	321
1247	322
1247	323
1247	324
1247	325
1247	326
1247	328
1247	329
1247	330
1247	337
1247	338
1247	339
1247	340
1247	350
1247	351
1247	355
1247	356
1247	371
1247	372
1247	373
1247	374
1247	375
1247	376
1247	377
1247	378
1247	379
1247	386
1247	387
1247	388
1247	389
1247	392
1247	393
1247	394
1247	395
1247	396
1247	397
1247	398
1247	399
1247	400
1247	401
1247	402
1247	403
1247	404
1247	405
1247	406
1247	407
1247	408
1247	409
1247	410
1247	411
1247	412
1247	413
1247	414
1247	415
1247	416
1247	417
1247	418
1247	448
1247	449
1247	450
1247	451
1247	452
1247	474
1247	475
1247	476
1247	477
1248	131
1248	134
1248	135
1248	136
1248	137
1248	138
1248	139
1248	140
1248	164
1248	165
1248	166
1248	167
1248	168
1248	182
1248	196
1248	197
1248	209
1248	210
1248	212
1248	214
1248	216
1248	219
1248	224
1248	226
1248	227
1248	237
1248	238
1248	239
1248	240
1248	253
1248	254
1248	255
1248	259
1248	260
1248	261
1248	262
1248	283
1248	284
1248	285
1248	286
1248	331
1248	332
1248	333
1248	334
1248	335
1248	336
1248	341
1248	346
1248	347
1248	348
1248	352
1248	353
1248	354
1248	357
1248	358
1248	359
1248	360
1248	361
1248	362
1248	363
1248	364
1248	365
1248	366
1248	367
1248	368
1248	369
1248	370
1248	380
1248	381
1248	382
1248	383
1248	384
1248	385
1248	390
1248	391
1248	456
1248	457
1248	458
1248	459
1248	463
1248	464
1248	465
1248	466
1248	467
1248	468
1248	469
1248	470
1248	471
1248	472
1248	473
1248	478
1248	479
1248	507
1248	508
1248	509
1248	523
1248	528
1248	531
1248	535
1249	89
1249	112
1249	113
1249	114
1249	115
1249	116
1249	122
1249	129
1249	130
1249	141
1249	142
1249	157
1249	158
1249	169
1249	179
1249	194
1249	195
1249	198
1249	199
1249	200
1249	201
1249	202
1249	211
1249	213
1249	215
1249	220
1249	221
1249	223
1249	228
1249	229
1249	230
1249	231
1249	232
1249	233
1249	234
1249	235
1249	236
1249	250
1249	269
1249	273
1249	295
1249	300
1249	312
1249	318
1249	342
1249	343
1249	345
1249	349
1249	460
1249	489
1249	499
1249	500
1249	522
1249	530
1249	532
1249	533
1249	534
1250	3
1250	4
1250	5
1250	6
1250	12
1250	13
1250	14
1250	15
1250	16
1250	17
1250	18
1250	19
1250	20
1250	21
1250	22
1250	23
1250	24
1250	25
1250	26
1250	27
1250	48
1250	49
1250	55
1250	68
1250	69
1250	70
1250	75
1250	90
1250	93
1250	94
1250	95
1250	96
1250	97
1250	98
1250	99
1250	107
1250	108
1250	109
1250	110
1250	111
1250	120
1250	121
1250	123
1250	124
1250	125
1250	126
1250	127
1250	128
1250	132
1250	133
1250	143
1250	144
1250	145
1250	146
1250	147
1250	148
1250	149
1250	150
1250	151
1250	152
1250	153
1250	154
1250	155
1250	159
1250	160
1250	161
1250	162
1250	163
1250	172
1250	173
1250	174
1250	175
1250	176
1250	177
1250	178
1250	180
1250	181
1250	217
1250	218
1250	222
1250	225
1250	294
1250	301
1250	302
1250	303
1250	304
1250	305
1250	306
1250	307
1250	308
1250	309
1250	310
1250	311
1250	316
1250	317
1250	327
1251	1
1251	2
1251	31
1251	32
1251	40
1251	71
1251	344
1251	419
1251	420
1251	421
1251	422
1251	423
1251	424
1251	425
1251	426
1251	427
1251	428
1251	429
1251	430
1251	431
1251	432
1251	433
1251	434
1251	435
1251	436
1251	437
1251	438
1251	439
1251	440
1251	441
1251	442
1251	443
1251	444
1251	445
1251	446
1251	447
1251	453
1251	454
1251	455
1251	461
1251	462
1251	480
1251	481
1251	482
1251	483
1251	484
1251	485
1251	486
1251	487
1251	488
1251	490
1251	491
1251	492
1251	493
1251	494
1251	495
1251	496
1251	497
1251	498
1251	501
1251	502
1251	503
1251	504
1251	505
1251	506
1251	511
1251	512
1251	513
1251	514
1251	515
1251	516
1251	517
1251	518
1251	519
1251	520
1251	524
1251	525
1251	526
1251	527
1251	529
1309	411
1320	124
1321	144
1321	146
1321	151
1321	152
1321	154
1321	173
1321	180
1321	181
1325	282
1326	427
1327	422
1333	262
1333	359
1333	509
1350	413
1384	69
1414	1
1414	2
1414	3
1414	4
1414	5
1414	6
1414	7
1414	8
1414	9
1414	10
1414	11
1414	12
1414	13
1414	14
1414	15
1414	16
1414	17
1414	18
1414	19
1414	20
1414	21
1414	22
1414	23
1414	24
1414	25
1414	26
1414	27
1414	28
1414	29
1414	30
1414	31
1414	32
1414	33
1414	34
1414	35
1414	36
1414	37
1414	38
1414	39
1414	40
1414	41
1414	42
1414	43
1414	44
1414	45
1414	46
1414	47
1414	48
1414	49
1414	50
1414	51
1414	52
1414	53
1414	54
1414	55
1414	56
1414	57
1414	58
1414	59
1414	60
1414	61
1414	62
1414	63
1414	64
1414	65
1414	66
1414	67
1414	68
1414	69
1414	70
1414	72
1414	73
1414	74
1414	75
1414	76
1414	77
1414	78
1414	79
1414	80
1414	81
1414	82
1414	83
1414	84
1414	85
1414	86
1414	87
1414	88
1414	89
1414	90
1414	91
1414	92
1414	93
1414	94
1414	95
1414	96
1414	97
1414	98
1414	99
1414	100
1414	101
1414	102
1414	103
1414	104
1414	105
1414	106
1414	107
1414	108
1414	109
1414	110
1414	111
1414	112
1414	113
1414	114
1414	115
1414	116
1414	117
1414	118
1414	119
1414	120
1414	121
1414	122
1414	123
1414	124
1414	125
1414	126
1414	127
1414	128
1414	129
1414	130
1414	131
1414	132
1414	133
1414	134
1414	135
1414	136
1414	137
1414	138
1414	139
1414	140
1414	141
1414	142
1414	143
1414	144
1414	145
1414	146
1414	147
1414	148
1414	149
1414	150
1414	151
1414	152
1414	153
1414	154
1414	155
1414	156
1414	157
1414	158
1414	159
1414	160
1414	161
1414	162
1414	163
1414	164
1414	165
1414	166
1414	167
1414	168
1414	169
1414	170
1414	171
1414	172
1414	173
1414	174
1414	175
1414	176
1414	177
1414	178
1414	179
1414	180
1414	181
1414	182
1414	183
1414	184
1414	185
1414	186
1414	187
1414	188
1414	189
1414	190
1414	191
1414	192
1414	193
1414	194
1414	195
1414	196
1414	197
1414	198
1414	199
1414	200
1414	201
1414	202
1414	203
1414	204
1414	205
1414	206
1414	207
1414	208
1414	209
1414	210
1414	211
1414	212
1414	213
1414	214
1414	215
1414	216
1414	217
1414	218
1414	219
1414	220
1414	221
1414	222
1414	223
1414	224
1414	225
1414	226
1414	227
1414	228
1414	229
1414	230
1414	231
1414	232
1414	233
1414	234
1414	235
1414	236
1414	237
1414	238
1414	239
1414	240
1414	250
1414	253
1414	254
1414	255
1414	259
1414	260
1414	261
1414	262
1414	269
1414	273
1414	283
1414	284
1414	285
1414	286
1414	287
1414	288
1414	289
1414	294
1414	295
1414	300
1414	301
1414	302
1414	303
1414	304
1414	305
1414	306
1414	307
1414	308
1414	309
1414	310
1414	311
1414	312
1414	313
1414	314
1414	315
1414	316
1414	317
1414	318
1414	319
1414	320
1414	321
1414	322
1414	323
1414	324
1414	325
1414	326
1414	327
1414	328
1414	329
1414	330
1414	331
1414	332
1414	333
1414	334
1414	335
1414	336
1414	337
1414	338
1414	339
1414	340
1414	341
1414	342
1414	343
1414	344
1414	345
1414	346
1414	347
1414	348
1414	349
1414	352
1414	353
1414	354
1414	357
1414	358
1414	359
1414	360
1414	361
1414	362
1414	363
1414	364
1414	365
1414	366
1414	367
1414	368
1414	369
1414	370
1414	375
1414	376
1414	377
1414	382
1414	383
1414	384
1414	385
1414	397
1414	398
1414	399
1414	400
1414	401
1414	402
1414	403
1414	404
1414	405
1414	406
1414	407
1414	408
1414	409
1414	410
1414	411
1414	412
1414	413
1414	414
1414	415
1414	416
1414	417
1414	418
1414	453
1414	454
1414	455
1414	460
1414	464
1414	472
1414	481
1414	482
1414	483
1414	486
1414	487
1414	488
1414	490
1414	491
1414	492
1414	493
1414	494
1414	495
1414	496
1414	499
1414	500
1414	503
1414	504
1414	505
1414	506
1414	507
1414	508
1414	509
1414	510
1414	511
1414	512
1414	513
1414	514
1414	515
1414	519
1414	521
1414	530
1414	531
1414	532
1414	533
1414	534
1421	71
1421	419
1421	420
1421	421
1421	422
1421	423
1421	424
1421	425
1421	426
1421	427
1421	428
1421	429
1421	430
1421	431
1421	432
1421	433
1421	434
1421	435
1421	436
1421	437
1421	438
1421	439
1421	440
1421	441
1421	442
1421	443
1421	444
1421	445
1421	446
1421	447
1421	461
1421	462
1421	465
1421	466
1421	467
1421	468
1421	469
1421	478
1421	479
1421	480
1421	484
1421	485
1421	489
1421	497
1421	498
1421	501
1421	502
1421	516
1421	517
1421	518
1421	520
1421	522
1421	523
1421	524
1421	525
1421	526
1421	527
1421	528
1421	529
1421	535
1424	251
1424	252
1424	256
1424	257
1424	258
1424	270
1424	271
1424	272
1424	274
1424	275
1424	276
1424	281
1424	282
1424	290
1424	291
1424	292
1424	293
1424	296
1424	297
1424	298
1424	299
1424	350
1424	351
1424	371
1424	372
1424	373
1424	374
1424	378
1424	379
1424	386
1424	387
1424	388
1424	389
1424	395
1424	396
1425	241
1425	242
1425	243
1425	244
1425	245
1425	246
1425	247
1425	248
1425	249
1425	263
1425	264
1425	265
1425	266
1425	267
1425	268
1425	277
1425	278
1425	279
1425	280
1425	355
1425	356
1425	380
1425	381
1425	390
1425	391
1425	392
1425	393
1425	394
1425	448
1425	449
1425	450
1425	451
1425	452
1425	456
1425	457
1425	458
1425	459
1425	463
1425	470
1425	471
1425	473
1425	474
1425	475
1425	476
1425	477
1601	1
1601	2
1601	3
1601	4
1601	5
1601	6
1601	7
1601	8
1601	9
1601	10
1601	11
1601	12
1601	13
1601	14
1601	15
1601	16
1601	17
1601	18
1601	19
1601	20
1601	21
1601	22
1601	23
1601	24
1601	25
1601	26
1601	27
1601	28
1601	29
1601	30
1601	31
1601	32
1601	33
1601	34
1601	35
1601	36
1601	37
1601	38
1601	39
1601	40
1601	41
1601	42
1601	43
1601	44
1601	45
1601	46
1601	47
1601	48
1601	49
1601	50
1601	51
1601	52
1601	53
1601	54
1601	55
1601	56
1601	57
1601	58
1601	59
1601	60
1601	61
1601	62
1601	63
1601	64
1601	65
1601	66
1601	67
1601	68
1601	69
1601	70
1601	71
1601	72
1601	73
1601	74
1601	75
1601	76
1601	77
1601	78
1601	79
1601	80
1601	81
1601	82
1601	83
1601	84
1601	85
1601	86
1601	87
1601	88
1601	89
1601	90
1601	91
1601	92
1601	93
1601	94
1601	95
1601	96
1601	97
1601	98
1601	99
1601	100
1601	101
1601	102
1601	103
1601	104
1601	105
1601	106
1601	107
1601	108
1601	109
1601	110
1601	111
1603	237
1603	238
1603	239
1603	240
1603	241
1603	242
1603	243
1603	244
1603	245
1603	246
1603	247
1603	248
1603	249
1603	250
1603	251
1603	252
1603	253
1603	254
1603	255
1603	256
1603	257
1603	258
1603	259
1603	260
1603	261
1603	262
1603	263
1603	264
1603	265
1603	266
1603	267
1603	268
1603	269
1603	270
1603	271
1603	272
1603	273
1603	274
1603	275
1603	276
1603	277
1603	278
1603	279
1603	280
1603	281
1603	282
1603	283
1603	284
1603	285
1603	286
1603	287
1603	288
1603	289
1603	290
1603	291
1603	292
1603	293
1603	294
1603	295
1603	296
1603	297
1603	298
1603	299
1603	300
1603	301
1603	302
1603	303
1603	304
1603	305
1603	306
1603	307
1603	308
1603	309
1603	310
1603	311
1603	312
1603	313
1603	314
1603	315
1603	316
1603	317
1603	318
1603	319
1603	320
1603	321
1603	322
1603	323
1603	324
1603	325
1603	326
1603	327
1603	328
1603	329
1603	330
1603	331
1603	332
1603	333
1603	334
1603	335
1603	336
1603	337
1603	338
1603	339
1603	340
1603	341
1603	342
1603	343
1603	344
1603	345
1603	346
1603	347
1603	348
1603	349
1603	350
1603	351
1603	352
1603	353
1603	354
1603	355
1603	356
1603	357
1603	358
1603	359
1603	360
1603	361
1603	362
1603	363
1603	364
1603	365
1603	366
1603	367
1603	368
1603	369
1603	370
1603	371
1603	372
1603	373
1603	374
1603	375
1603	376
1603	377
1603	378
1603	379
1603	380
1603	381
1603	382
1603	383
1603	384
1603	385
1603	386
1603	387
1603	388
1603	389
1603	390
1603	391
1603	392
1603	393
1603	394
1603	395
1603	396
1603	397
1603	398
1603	399
1603	400
1603	401
1603	402
1603	403
1603	404
1603	405
1603	406
1603	407
1603	408
1603	409
1603	410
1603	411
1603	412
1603	413
1603	414
1603	415
1603	416
1603	417
1603	418
1703	424
1703	429
1703	431
1703	433
1703	444
1703	447
1704	242
1704	244
1704	245
1704	249
1704	260
1704	261
1704	262
1704	265
1704	268
1704	278
1704	280
1704	358
1704	359
1704	375
1704	377
1704	391
1704	394
1704	434
1704	438
1704	442
1704	448
1704	449
1704	450
1704	451
1704	452
1704	457
1704	459
1704	460
1704	462
1704	463
1704	466
1704	471
1704	472
1704	473
1704	475
1704	477
1704	478
1704	479
1704	488
1704	489
1704	500
1704	508
1704	509
1704	517
1704	522
1704	523
1704	528
1704	532
1704	534
1704	535
1901	4
1901	5
1901	6
1901	19
1901	23
1901	34
1901	36
1901	38
1901	39
1901	45
1901	46
1901	47
1901	50
1901	53
1901	55
1901	57
1901	58
1901	59
1901	60
1901	61
1901	62
1901	63
1901	64
1901	65
1901	73
1901	74
1901	75
1901	78
1901	79
1901	80
1901	89
1901	91
1901	92
1901	94
1901	96
1901	101
1901	102
1901	111
1901	113
1901	114
1901	115
1901	116
1901	121
1901	122
1901	125
1901	127
1901	129
1901	130
1901	131
1901	133
1901	138
1901	140
1901	141
1901	142
1901	156
1901	158
1901	164
1901	169
1901	170
1901	171
1901	179
1901	182
1901	187
1901	189
1901	191
1901	194
1901	195
1901	196
1901	197
1901	198
1901	199
1901	200
1901	201
1901	202
1901	209
1901	210
1901	211
1901	212
1901	213
1901	214
1901	215
1901	216
1901	217
1901	219
1901	221
1901	222
1901	223
1901	224
1901	225
1901	226
1901	227
1901	228
1901	229
1901	231
1901	232
1901	233
1901	234
1901	235
1901	236
1901	237
1901	238
1901	239
1901	240
1901	241
1901	242
1901	243
1901	244
1901	245
1901	246
1901	247
1901	248
1901	249
1901	250
1901	255
1901	259
1901	260
1901	261
1901	262
1901	264
1901	265
1901	267
1901	268
1901	269
1901	273
1901	274
1901	275
1901	276
1901	277
1901	278
1901	279
1901	280
1901	294
1901	295
1901	300
1901	301
1901	303
1901	305
1901	307
1901	309
1901	310
1901	312
1901	318
1901	331
1901	334
1901	335
1901	341
1901	342
1901	343
1901	344
1901	345
1901	348
1901	349
1901	355
1901	356
1901	357
1901	358
1901	359
1901	360
1901	361
1901	362
1901	363
1901	364
1901	365
1901	367
1901	370
1901	375
1901	376
1901	377
1901	379
1901	380
1901	381
1901	384
1901	387
1901	388
1901	389
1901	390
1901	391
1901	392
1901	393
1901	394
1901	432
1901	433
1901	434
1901	435
1901	437
1901	438
1901	439
1901	441
1901	442
1901	449
1901	451
1901	455
1901	456
1901	457
1901	458
1901	459
1901	460
1901	461
1901	462
1901	463
1901	464
1901	465
1901	466
1901	467
1901	468
1901	469
1901	470
1901	471
1901	472
1901	473
1901	474
1901	475
1901	476
1901	477
1901	478
1901	479
1901	480
1901	481
1901	482
1901	483
1901	485
1901	486
1901	487
1901	488
1901	489
1901	490
1901	491
1901	492
1901	494
1901	495
1901	496
1901	498
1901	499
1901	500
1901	502
1901	503
1901	504
1901	505
1901	506
1901	507
1901	508
1901	509
1901	510
1901	512
1901	513
1901	514
1901	515
1901	516
1901	517
1901	518
1901	519
1901	520
1901	521
1901	522
1901	523
1901	524
1901	525
1901	527
1901	528
1901	529
1901	530
1901	531
1901	532
1901	533
1901	534
1901	535
1914	24
1914	26
1914	85
1914	88
1914	123
1914	124
1914	126
1914	128
1914	145
1914	146
1914	149
1914	152
1914	160
1914	162
1914	163
1914	172
1914	173
1914	174
1914	181
1914	218
1914	302
1914	304
1914	306
1914	308
1914	311
1914	316
1914	317
1914	321
1914	323
1914	324
1914	325
1914	326
1914	327
1914	328
1914	329
1914	330
1914	332
1914	336
2042	435
2042	439
2042	455
2042	460
2042	467
2042	469
2042	480
2042	485
2042	487
2042	488
2042	491
2042	492
2042	495
2042	498
2042	502
2042	503
2042	505
2042	506
2042	514
2042	515
2042	516
2042	518
2042	519
2042	520
2042	524
2042	525
2042	527
2042	529
2043	6
2043	19
2043	23
2043	65
2043	74
2043	80
2043	89
2043	102
2043	111
2043	114
2043	115
2043	121
2043	130
2043	133
2043	156
2043	158
2043	169
2043	170
2043	171
2043	211
2043	221
2043	223
2043	229
2043	231
2043	234
2045	116
2045	122
2045	129
2045	131
2045	138
2045	142
2045	213
2045	214
2045	219
2045	227
2045	233
2045	235
2045	236
2045	238
2045	240
2045	255
2045	269
2045	273
2045	274
2045	275
2045	276
2045	300
2045	312
2045	318
2045	341
2045	343
2045	344
2045	345
2045	361
2045	363
2045	364
2045	365
2045	367
2045	381
2045	384
2045	482
2045	496
2045	513
9999	536
9999	537
9999	538
9999	539
9999	540
9999	541
9999	542
9999	543
9999	544
9999	545
9999	546
9999	547
9999	548
9999	549
9999	550
9999	551
9999	552
9999	553
9999	554
9999	555
9999	556
9999	557
9999	558
9999	559
9999	560
9999	561
9999	562
9999	563
9999	564
9999	565
9999	566
9999	567
9999	568
9999	569
9999	570
9999	571
9999	572
9999	573
9999	574
9999	575
9999	576
9999	577
9999	578
9999	579
9999	580
9999	581
9999	582
9999	583
9999	584
9999	585
9999	586
9999	587
9999	588
9999	589
9999	590
9999	591
9999	592
9999	593
9999	594
9999	595
9999	596
9999	597
9999	598
9999	599
9999	600
9999	601
9999	602
9999	603
9999	604
9999	605
9999	606
9999	607
9999	608
9999	609
9999	610
9999	611
9999	612
9999	613
9999	614
9999	615
9999	616
9999	617
9999	618
9999	619
9999	620
9999	621
9999	622
9999	623
9999	624
9999	625
9999	626
9999	627
9999	628
9999	629
9999	630
9999	631
9999	632
9999	633
9999	634
9999	635
9999	636
9999	637
9999	638
9999	639
9999	640
9999	641
9999	642
9999	643
9999	644
9999	645
9999	646
9999	647
9999	648
9999	649
9999	650
9999	651
9999	652
9999	653
9999	654
9999	655
9999	656
9999	657
9999	658
9999	659
9999	660
9999	661
9999	662
9999	663
9999	664
9999	665
9999	666
9999	667
9999	668
9999	669
9999	670
9999	671
9999	672
9999	673
9999	674
9999	675
9999	676
9999	677
9999	678
9999	679
9999	680
9999	681
9999	682
9999	683
9999	684
9999	685
9999	686
9999	687
9999	688
9999	689
9999	690
9999	691
9999	692
9999	693
9999	694
9999	695
9999	696
9999	697
9999	698
9999	699
9999	700
9999	701
9999	702
9999	703
9999	704
9999	705
9999	706
9999	707
9999	708
9999	709
9999	710
9999	711
9999	712
9999	713
9999	714
9999	715
9999	716
9999	717
9999	718
9999	719
9999	720
9999	721
9999	722
9999	723
9999	724
9999	725
9999	726
9999	727
9999	728
9999	729
9999	730
9999	731
9999	732
9999	733
9999	734
9999	735
9999	736
9999	737
9999	738
9999	739
9999	740
9999	741
9999	742
9999	743
9999	744
9999	745
9999	746
9999	747
9999	748
9999	749
9999	750
9999	751
9999	752
9999	753
9999	754
9999	755
9999	756
9999	757
9999	758
9999	759
9999	760
9999	761
9999	762
9999	763
9999	764
9999	765
9999	766
9999	767
9999	768
9999	769
9999	770
9999	771
9999	772
9999	773
9999	774
9999	775
9999	776
9999	777
9999	778
9999	779
9999	780
9999	781
9999	782
310	786
310	789
310	790
310	791
310	792
310	793
310	794
310	795
310	796
310	797
310	799
310	800
310	801
310	802
311	783
311	784
311	785
311	787
311	788
311	798
10000	1
10000	2
10000	536
10000	3
10000	537
10000	4
10000	538
10000	5
10000	6
10000	539
10000	7
10000	8
10000	9
10000	10
10000	11
10000	540
10000	12
10000	13
10000	14
10000	541
10000	15
10000	16
10000	542
10000	17
10000	543
10000	18
10000	19
10000	544
10000	20
10000	21
10000	545
10000	22
10000	23
10000	24
10000	25
10000	26
10000	546
10000	27
10000	547
10000	28
10000	29
10000	30
10000	548
10000	31
10000	549
10000	32
10000	550
10000	33
10000	34
10000	551
10000	35
10000	36
10000	37
10000	38
10000	552
10000	39
10000	553
10000	40
10000	554
10000	41
10000	42
10000	43
10000	555
10000	44
10000	45
10000	46
10000	556
10000	47
10000	557
10000	48
10000	49
10000	558
10000	50
10000	559
10000	51
10000	52
10000	560
10000	53
10000	561
10000	54
10000	562
10000	55
10000	563
10000	56
10000	57
10000	564
10000	58
10000	565
10000	59
10000	60
10000	566
10000	61
10000	567
10000	62
10000	568
10000	63
10000	569
10000	64
10000	65
10000	570
10000	66
10000	67
10000	571
10000	68
10000	69
10000	70
10000	572
10000	71
10000	573
10000	72
10000	73
10000	74
10000	574
10000	75
10000	575
10000	76
10000	77
10000	78
10000	576
10000	79
10000	80
10000	577
10000	81
10000	578
10000	82
10000	83
10000	579
10000	84
10000	85
10000	86
10000	87
10000	88
10000	580
10000	89
10000	581
10000	90
10000	582
10000	91
10000	583
10000	92
10000	584
10000	93
10000	94
10000	95
10000	96
10000	97
10000	585
10000	98
10000	99
10000	586
10000	100
10000	101
10000	102
10000	587
10000	103
10000	104
10000	105
10000	106
10000	588
10000	107
10000	108
10000	589
10000	109
10000	110
10000	590
10000	111
10000	591
10000	112
10000	113
10000	114
10000	592
10000	115
10000	116
10000	593
10000	117
10000	118
10000	119
10000	594
10000	120
10000	121
10000	595
10000	122
10000	596
10000	123
10000	124
10000	125
10000	126
10000	127
10000	128
10000	597
10000	129
10000	598
10000	130
10000	599
10000	131
10000	600
10000	132
10000	133
10000	601
10000	134
10000	135
10000	136
10000	137
10000	138
10000	139
10000	602
10000	140
10000	603
10000	141
10000	142
10000	604
10000	143
10000	144
10000	145
10000	146
10000	147
10000	148
10000	149
10000	605
10000	150
10000	151
10000	152
10000	153
10000	154
10000	155
10000	606
10000	156
10000	607
10000	157
10000	158
10000	608
10000	159
10000	160
10000	161
10000	162
10000	163
10000	609
10000	164
10000	610
10000	165
10000	166
10000	167
10000	168
10000	611
10000	169
10000	612
10000	170
10000	613
10000	171
10000	614
10000	172
10000	173
10000	174
10000	615
10000	175
10000	616
10000	176
10000	177
10000	178
10000	617
10000	179
10000	618
10000	180
10000	181
10000	619
10000	182
10000	620
10000	183
10000	184
10000	185
10000	621
10000	186
10000	187
10000	188
10000	189
10000	190
10000	191
10000	622
10000	192
10000	193
10000	623
10000	194
10000	624
10000	195
10000	625
10000	196
10000	626
10000	197
10000	627
10000	198
10000	628
10000	199
10000	629
10000	200
10000	630
10000	201
10000	631
10000	202
10000	632
10000	203
10000	204
10000	205
10000	633
10000	206
10000	207
10000	208
10000	634
10000	209
10000	635
10000	210
10000	636
10000	211
10000	637
10000	212
10000	638
10000	213
10000	639
10000	214
10000	640
10000	215
10000	641
10000	216
10000	642
10000	217
10000	218
10000	643
10000	219
10000	644
10000	220
10000	221
10000	645
10000	222
10000	646
10000	223
10000	647
10000	224
10000	648
10000	225
10000	649
10000	226
10000	227
10000	650
10000	228
10000	229
10000	651
10000	230
10000	231
10000	652
10000	232
10000	653
10000	233
10000	654
10000	234
10000	235
10000	655
10000	236
10000	656
10000	237
10000	238
10000	239
10000	240
10000	657
10000	241
10000	242
10000	243
10000	244
10000	245
10000	658
10000	246
10000	247
10000	248
10000	659
10000	249
10000	660
10000	250
10000	661
10000	251
10000	252
10000	662
10000	253
10000	254
10000	255
10000	663
10000	256
10000	257
10000	258
10000	664
10000	259
10000	260
10000	261
10000	262
10000	665
10000	263
10000	264
10000	265
10000	266
10000	267
10000	268
10000	666
10000	269
10000	667
10000	270
10000	271
10000	272
10000	668
10000	273
10000	669
10000	274
10000	275
10000	276
10000	670
10000	277
10000	278
10000	279
10000	280
10000	671
10000	281
10000	282
10000	672
10000	283
10000	284
10000	285
10000	286
10000	673
10000	287
10000	288
10000	289
10000	674
10000	290
10000	291
10000	675
10000	292
10000	293
10000	676
10000	294
10000	677
10000	295
10000	678
10000	296
10000	297
10000	298
10000	299
10000	679
10000	300
10000	680
10000	301
10000	302
10000	303
10000	304
10000	305
10000	306
10000	681
10000	307
10000	308
10000	309
10000	682
10000	310
10000	311
10000	683
10000	312
10000	684
10000	313
10000	314
10000	315
10000	685
10000	316
10000	317
10000	686
10000	318
10000	687
10000	319
10000	320
10000	321
10000	322
10000	323
10000	688
10000	324
10000	325
10000	326
10000	689
10000	327
10000	690
10000	328
10000	329
10000	330
10000	691
10000	331
10000	332
10000	333
10000	334
10000	335
10000	336
10000	692
10000	337
10000	338
10000	339
10000	340
10000	693
10000	341
10000	694
10000	342
10000	343
10000	695
10000	344
10000	696
10000	345
10000	697
10000	346
10000	347
10000	698
10000	348
10000	699
10000	349
10000	700
10000	350
10000	351
10000	701
10000	352
10000	353
10000	354
10000	702
10000	355
10000	356
10000	703
10000	357
10000	358
10000	359
10000	704
10000	360
10000	361
10000	705
10000	362
10000	706
10000	363
10000	364
10000	365
10000	707
10000	366
10000	367
10000	368
10000	708
10000	369
10000	709
10000	370
10000	710
10000	371
10000	372
10000	373
10000	374
10000	711
10000	375
10000	376
10000	377
10000	712
10000	378
10000	379
10000	713
10000	380
10000	714
10000	381
10000	715
10000	382
10000	383
10000	384
10000	385
10000	716
10000	386
10000	387
10000	388
10000	389
10000	717
10000	390
10000	391
10000	718
10000	392
10000	393
10000	394
10000	719
10000	395
10000	396
10000	720
10000	397
10000	398
10000	721
10000	399
10000	400
10000	722
10000	401
10000	402
10000	403
10000	404
10000	405
10000	723
10000	406
10000	407
10000	724
10000	408
10000	409
10000	410
10000	411
10000	725
10000	412
10000	413
10000	414
10000	415
10000	726
10000	416
10000	417
10000	418
10000	727
10000	419
10000	420
10000	421
10000	422
10000	728
10000	423
10000	424
10000	425
10000	426
10000	427
10000	729
10000	428
10000	429
10000	730
10000	430
10000	431
10000	432
10000	433
10000	434
10000	435
10000	436
10000	437
10000	438
10000	439
10000	440
10000	441
10000	442
10000	731
10000	443
10000	444
10000	445
10000	446
10000	447
10000	732
10000	448
10000	449
10000	450
10000	451
10000	452
10000	733
10000	453
10000	454
10000	455
10000	734
10000	456
10000	457
10000	458
10000	459
10000	735
10000	460
10000	736
10000	461
10000	462
10000	737
10000	463
10000	738
10000	464
10000	739
10000	465
10000	466
10000	467
10000	468
10000	469
10000	740
10000	470
10000	471
10000	741
10000	472
10000	742
10000	473
10000	743
10000	474
10000	475
10000	476
10000	477
10000	744
10000	478
10000	745
10000	479
10000	746
10000	480
10000	747
10000	481
10000	482
10000	748
10000	483
10000	749
10000	484
10000	485
10000	750
10000	486
10000	487
10000	488
10000	751
10000	489
10000	752
10000	490
10000	491
10000	753
10000	492
10000	493
10000	494
10000	495
10000	754
10000	496
10000	755
10000	497
10000	498
10000	756
10000	499
10000	500
10000	757
10000	501
10000	502
10000	758
10000	503
10000	759
10000	504
10000	505
10000	760
10000	506
10000	761
10000	507
10000	508
10000	509
10000	762
10000	510
10000	763
10000	511
10000	512
10000	513
10000	764
10000	514
10000	765
10000	515
10000	766
10000	516
10000	767
10000	517
10000	518
10000	768
10000	519
10000	769
10000	520
10000	770
10000	521
10000	771
10000	522
10000	772
10000	523
10000	773
10000	524
10000	525
10000	774
10000	526
10000	527
10000	775
10000	528
10000	776
10000	529
10000	777
10000	530
10000	778
10000	531
10000	779
10000	532
10000	780
10000	533
10000	534
10000	781
10000	535
10000	782
10000	783
10000	784
10000	785
10000	786
10000	787
10000	788
10000	789
10000	790
10000	791
10000	792
10000	793
10000	794
10000	795
10000	796
10000	797
10000	798
10000	799
10000	800
10000	801
10000	802
111115	1
111115	2
111115	3
111115	4
111115	5
111115	6
111115	7
111115	8
111115	9
111115	10
111115	11
111115	12
111115	13
111115	14
111115	15
111115	16
111115	17
111115	18
111115	19
111115	20
111115	21
111115	22
111115	23
111115	24
111115	25
111115	26
111115	27
111115	28
111115	29
111115	30
111115	31
111115	32
111115	33
111115	34
111115	35
111115	36
111115	37
111115	38
111115	39
111115	40
111115	41
111115	42
111115	43
111115	44
111115	45
111115	46
111115	47
111115	48
111115	49
111115	50
111115	51
111115	52
111115	53
111115	54
111115	55
111115	56
111115	57
111115	58
111115	59
111115	60
111115	61
111115	62
111115	63
111115	64
111115	65
111115	66
111115	67
111115	68
111115	69
111115	70
111115	71
111115	72
111115	73
111115	74
111115	75
111115	76
111115	77
111115	78
111115	79
111115	80
111115	81
111115	82
111115	83
111115	84
111115	85
111115	86
111115	87
111115	88
111115	89
111115	90
111115	91
111115	92
111115	93
111115	94
111115	95
111115	96
111115	97
111115	98
111115	99
111115	100
111115	101
111115	102
111115	103
111115	104
111115	105
111115	106
111115	107
111115	108
111115	109
111115	110
111115	111
111115	112
111115	113
111115	114
111115	115
111115	116
111115	117
111115	118
111115	119
111115	120
111115	121
111115	122
111115	123
111115	124
111115	125
111115	126
111115	127
111115	128
111115	129
111115	130
111115	131
111115	132
111115	133
111115	134
111115	135
111115	136
111115	137
111115	138
111115	139
111115	140
111115	141
111115	142
111115	143
111115	144
111115	145
111115	146
111115	147
111115	148
111115	149
111115	150
111115	151
111115	152
111115	153
111115	154
111115	155
111115	156
111115	157
111115	158
111115	159
111115	160
111115	161
111115	162
111115	163
111115	164
111115	165
111115	166
111115	167
111115	168
111115	169
111115	170
111115	171
111115	172
111115	173
111115	174
111115	175
111115	176
111115	177
111115	178
111115	179
111115	180
111115	181
111115	182
111115	183
111115	184
111115	185
111115	186
111115	187
111115	188
111115	189
111115	190
111115	191
111115	192
111115	193
111115	194
111115	195
111115	196
111115	197
111115	198
111115	199
111115	200
111115	201
111115	202
111115	203
111115	204
111115	205
111115	206
111115	207
111115	208
111115	209
111115	210
111115	211
111115	212
111115	213
111115	214
111115	215
111115	216
111115	217
111115	218
111115	219
111115	220
111115	221
111115	222
111115	223
111115	224
111115	225
111115	226
111115	227
111115	228
111115	229
111115	230
111115	231
111115	232
111115	233
111115	234
111115	235
111115	236
111115	237
111115	238
111115	239
111115	240
111115	241
111115	242
111115	243
111115	244
111115	245
111115	246
111115	247
111115	248
111115	249
111115	250
111115	251
111115	252
111115	253
111115	254
111115	255
111115	256
111115	257
111115	258
111115	259
111115	260
111115	261
111115	262
111115	263
111115	264
111115	265
111115	266
111115	267
111115	268
111115	269
111115	270
111115	271
111115	272
111115	273
111115	274
111115	275
111115	276
111115	277
111115	278
111115	279
111115	280
111115	281
111115	282
111115	283
111115	284
111115	285
111115	286
111115	287
111115	288
111115	289
111115	290
111115	291
111115	292
111115	293
111115	294
111115	295
111115	296
111115	297
111115	298
111115	299
111115	300
111115	301
111115	302
111115	303
111115	304
111115	305
111115	306
111115	307
111115	308
111115	309
111115	310
111115	311
111115	312
111115	313
111115	314
111115	315
111115	316
111115	317
111115	318
111115	319
111115	320
111115	321
111115	322
111115	323
111115	324
111115	325
111115	326
111115	327
111115	328
111115	329
111115	330
111115	331
111115	332
111115	333
111115	334
111115	335
111115	336
111115	337
111115	338
111115	339
111115	340
111115	341
111115	342
111115	343
111115	344
111115	345
111115	346
111115	347
111115	348
111115	349
111115	350
111115	351
111115	352
111115	353
111115	354
111115	355
111115	356
111115	357
111115	358
111115	359
111115	360
111115	361
111115	362
111115	363
111115	364
111115	365
111115	366
111115	367
111115	368
111115	369
111115	370
111115	371
111115	372
111115	373
111115	374
111115	375
111115	376
111115	377
111115	378
111115	379
111115	380
111115	381
111115	382
111115	383
111115	384
111115	385
111115	386
111115	387
111115	388
111115	389
111115	390
111115	391
111115	392
111115	393
111115	394
111115	395
111115	396
111115	397
111115	398
111115	399
111115	400
111115	401
111115	402
111115	403
111115	404
111115	405
111115	406
111115	407
111115	408
111115	409
111115	410
111115	411
111115	412
111115	413
111115	414
111115	415
111115	416
111115	417
111115	418
111115	419
111115	420
111115	421
111115	422
111115	423
111115	424
111115	425
111115	426
111115	427
111115	428
111115	429
111115	430
111115	431
111115	432
111115	433
111115	434
111115	435
111115	436
111115	437
111115	438
111115	439
111115	440
111115	441
111115	442
111115	443
111115	444
111115	445
111115	446
111115	447
111115	448
111115	449
111115	450
111115	451
111115	452
111115	453
111115	454
111115	455
111115	456
111115	457
111115	458
111115	459
111115	460
111115	461
111115	462
111115	463
111115	464
111115	465
111115	466
111115	467
111115	468
111115	469
111115	470
111115	471
111115	472
111115	473
111115	474
111115	475
111115	476
111115	477
111115	478
111115	479
111115	480
111115	481
111115	482
111115	483
111115	484
111115	485
111115	486
111115	487
111115	488
111115	489
111115	490
111115	491
111115	492
111115	493
111115	494
111115	495
111115	496
111115	497
111115	498
111115	499
111115	500
111115	501
111115	502
111115	503
111115	504
111115	505
111115	506
111115	507
111115	508
111115	509
111115	510
111115	511
111115	512
111115	513
111115	514
111115	515
111115	516
111115	517
111115	518
111115	519
111115	520
111115	521
111115	522
111115	523
111115	524
111115	525
111115	526
111115	527
111115	528
111115	529
111115	530
111115	531
111115	532
111115	533
111115	534
111115	535
